0 0 0 96 55 67 0 0 0 0 0 96 253 99 0 0 0 0 0 255 0 128 255 255 255 254 3 250 0 6 0 3 0 2 0 0 0 0 252 44 2 
170 175 225 36 20 134 145 205 64 207 226 235 0 0 73 197 255 216 255 193 0 0 255 255 255 254 3 250 0 6 0 3 0 2 0 0 0 0 252 44 2 
170 175 225 36 20 134 145 205 64 207 226 235 0 0 73 197 255 216 255 193 0 0 255 255 255 254 3 250 0 6 0 3 0 2 0 0 0 0 252 44 2 
170 175 225 36 20 134 145 205 64 207 226 235 0 0 73 197 255 216 255 193 0 0 255 255 255 254 3 250 0 6 0 3 0 2 0 0 0 0 252 45 3 
170 175 225 36 20 134 145 205 64 207 226 235 0 0 73 197 255 216 255 193 0 0 255 255 255 254 3 250 0 6 0 3 0 2 0 0 0 0 252 45 3 
170 175 225 36 20 134 145 202 64 207 226 228 0 0 73 197 255 216 255 193 0 0 255 255 255 254 3 250 0 6 0 3 0 2 0 0 0 0 252 45 249 
170 175 225 36 20 134 145 202 64 207 226 228 0 0 73 197 255 216 255 193 0 0 255 255 255 254 3 250 0 6 0 3 0 3 0 0 0 0 252 44 249 
170 175 225 36 20 134 145 202 64 207 226 228 0 0 73 197 255 216 255 193 0 0 255 255 255 254 3 250 0 6 0 3 0 3 0 0 0 0 252 43 248 
170 175 225 36 20 134 145 202 64 207 226 228 0 0 73 197 255 216 255 193 0 0 255 255 255 254 3 250 0 6 0 3 0 3 0 0 0 0 252 43 248 
170 175 225 36 20 134 145 202 64 207 226 228 0 0 73 197 255 216 255 193 0 0 255 255 255 254 3 250 0 6 0 3 0 3 0 0 0 0 252 43 248 
170 175 225 36 20 134 145 202 64 207 226 228 0 0 73 197 255 216 255 193 0 0 255 255 255 254 3 250 0 6 0 3 0 3 0 0 0 0 252 43 248 
170 175 225 36 20 134 145 202 64 207 226 228 0 0 73 197 255 216 255 193 0 0 255 255 255 254 3 250 0 6 0 3 0 3 0 0 0 0 252 43 248 
170 175 225 36 20 134 145 202 64 207 226 228 0 0 73 197 255 216 255 193 0 0 255 255 255 254 3 250 0 6 0 3 0 3 0 0 0 0 252 43 248 
170 175 225 36 20 134 145 202 64 207 226 228 0 0 73 197 255 216 255 193 0 0 255 255 255 254 3 250 0 6 0 3 0 3 0 0 0 0 252 43 248 
170 175 225 36 20 134 145 202 64 207 226 228 0 0 73 197 255 216 255 193 0 0 255 255 255 254 3 250 0 6 0 3 0 3 0 0 0 0 252 43 248 
170 175 225 36 20 134 145 202 64 207 226 228 0 0 73 197 255 216 255 193 0 0 255 255 255 254 3 250 0 6 0 3 0 3 0 0 0 0 252 43 248 
170 175 225 36 20 134 145 198 64 207 226 221 0 0 73 197 255 216 255 193 0 0 255 255 255 254 3 250 0 6 0 3 0 3 0 0 0 0 252 44 238 
170 175 225 36 20 134 145 198 64 207 226 221 0 0 73 197 255 216 255 193 0 0 255 255 255 254 3 250 0 6 0 3 0 3 0 0 0 0 252 45 239 
170 175 225 36 20 134 145 198 64 207 226 221 0 0 73 197 255 216 255 193 0 0 255 255 255 254 3 250 0 6 0 3 0 3 0 0 0 0 252 45 239 
170 175 225 36 20 134 145 198 64 207 226 221 0 0 73 197 255 216 255 193 0 0 255 255 255 254 3 250 0 6 0 3 0 3 0 0 0 0 252 45 239 
170 175 225 36 20 134 145 198 64 207 226 221 0 0 73 197 255 216 255 193 0 0 255 255 255 254 3 250 0 7 0 3 0 3 0 0 0 0 252 45 240 
170 175 225 36 20 134 145 198 64 207 226 221 0 0 73 197 255 216 255 193 0 0 255 255 255 254 3 250 0 6 0 3 0 3 0 0 0 0 252 44 238 
170 175 225 36 20 134 145 198 64 207 226 221 0 0 73 197 255 216 255 193 0 0 255 255 255 254 3 250 0 6 0 3 0 3 0 0 0 0 252 43 237 
170 175 225 36 20 134 145 198 64 207 226 221 0 0 73 197 255 216 255 193 0 0 255 255 255 254 3 250 0 6 0 3 0 3 0 0 0 0 252 43 237 
170 175 225 36 20 134 145 198 64 207 226 221 0 0 73 197 255 216 255 193 0 0 255 255 255 254 3 250 0 6 0 3 0 3 0 0 0 0 252 43 237 
170 175 225 36 20 134 145 198 64 207 226 221 0 0 73 197 255 216 255 193 0 0 255 255 255 254 3 250 0 6 0 3 0 3 0 0 0 0 252 43 237 
170 175 225 36 20 134 145 198 64 207 226 221 0 0 73 197 255 216 255 193 0 0 255 255 255 254 3 250 0 6 0 3 0 3 0 0 0 0 252 43 237 
170 175 225 36 20 134 145 194 64 207 226 214 0 0 73 197 255 216 255 193 0 0 255 255 255 254 3 250 0 6 0 3 0 3 0 0 0 0 252 43 226 
170 175 225 36 20 134 145 194 64 207 226 214 0 0 73 197 255 216 255 193 0 0 255 255 255 254 3 250 0 6 0 3 0 3 0 0 0 0 252 43 226 
170 175 225 36 20 134 145 194 64 207 226 214 0 0 73 197 255 216 255 193 0 0 0 0 255 254 3 250 0 6 0 3 0 3 0 0 0 0 252 43 228 
170 175 225 36 20 134 145 194 64 207 226 214 0 0 73 197 255 216 255 193 0 0 0 0 255 253 3 250 0 6 0 3 0 3 0 0 0 0 252 43 227 
170 175 225 36 20 134 145 194 64 207 226 214 0 0 73 197 255 216 255 193 0 0 0 0 255 253 3 250 0 6 0 3 0 3 0 0 0 0 252 44 228 
170 175 225 36 20 134 145 194 64 207 226 214 0 0 73 197 255 216 255 193 0 0 0 0 255 253 3 250 0 6 0 3 0 3 0 0 0 0 252 45 229 
170 175 225 36 20 134 145 194 64 207 226 214 0 0 73 197 255 216 255 193 0 0 0 0 255 253 3 250 0 6 0 3 0 3 0 0 0 0 252 45 229 
170 175 225 36 20 134 145 194 64 207 226 214 0 0 73 197 255 216 255 193 0 0 255 255 255 253 3 250 0 6 0 3 0 3 0 0 0 0 252 45 227 
170 175 225 36 20 134 145 194 64 207 226 214 0 0 73 197 255 216 255 193 0 0 255 255 255 253 3 250 0 6 0 3 0 3 0 0 0 0 252 45 227 
170 175 225 36 20 134 145 194 64 207 226 214 0 0 73 197 255 216 255 193 0 0 255 255 255 253 3 250 0 5 0 3 0 3 0 0 0 0 252 45 226 
170 175 225 36 20 134 145 191 64 207 226 208 0 0 73 197 255 216 255 193 0 0 255 255 255 253 3 250 0 5 0 3 0 3 0 0 0 0 252 44 216 
170 175 225 36 20 134 145 191 64 207 226 208 0 0 73 197 255 216 255 193 0 0 255 255 255 253 3 250 0 5 0 3 0 3 0 0 0 0 252 43 215 
170 175 225 36 20 134 145 191 64 207 226 208 0 0 73 197 255 216 255 193 0 0 255 255 255 253 3 250 0 5 0 3 0 3 0 0 0 0 252 43 215 
170 175 225 36 20 134 145 191 64 207 226 208 0 0 73 197 255 216 255 193 0 0 255 255 255 253 3 250 0 5 0 3 0 3 0 0 0 0 252 43 215 
170 175 225 36 20 134 145 191 64 207 226 208 0 0 73 197 255 216 255 193 0 0 255 255 255 253 3 250 0 5 0 3 0 3 0 0 0 0 252 43 215 
170 175 225 36 20 134 145 191 64 207 226 208 0 0 73 197 255 216 255 193 0 0 255 255 255 253 3 250 0 5 0 3 0 3 0 0 0 0 252 43 215 
170 175 225 36 20 134 145 191 64 207 226 208 0 0 73 197 255 216 255 193 0 0 255 255 255 253 3 250 0 5 0 3 0 3 0 0 0 0 252 43 215 
170 175 225 36 20 134 145 191 64 207 226 208 0 0 73 197 255 216 255 193 0 0 255 254 255 253 3 250 0 5 0 3 0 3 0 0 0 0 252 43 214 
170 175 225 36 20 134 145 191 64 207 226 208 0 0 73 197 255 216 255 193 0 0 255 254 255 253 3 250 0 5 0 3 0 3 0 0 0 0 252 43 214 
170 175 225 36 20 134 145 191 64 207 226 208 0 0 73 197 255 216 255 193 0 0 255 254 255 253 3 250 0 5 0 3 0 3 0 0 0 0 252 43 214 
170 175 225 36 20 134 145 191 64 207 226 208 0 0 73 197 255 216 255 193 0 0 255 254 255 253 3 250 0 5 0 4 0 3 0 0 0 0 252 44 216 
170 175 225 36 20 134 145 187 64 207 226 201 0 0 73 197 255 216 255 193 0 0 255 254 255 253 3 250 0 5 0 4 0 3 0 0 0 0 252 44 205 
170 175 225 36 20 134 145 187 64 207 226 201 0 0 73 197 255 216 255 193 0 0 255 254 255 253 3 250 0 6 0 4 0 3 0 0 0 0 252 44 206 
170 175 225 36 20 134 145 187 64 207 226 201 0 0 73 197 255 216 255 193 0 0 255 254 255 253 3 250 0 6 0 4 0 3 0 0 0 0 252 44 206 
170 175 225 36 20 134 145 187 64 207 226 201 0 0 73 197 255 216 255 193 0 0 255 254 255 253 3 250 0 6 0 4 0 3 0 0 0 0 252 44 206 
170 175 225 36 20 134 145 187 64 207 226 201 0 0 73 197 255 216 255 193 0 0 255 254 255 253 3 250 0 6 0 4 0 3 0 0 0 0 252 43 205 
170 175 225 36 20 134 145 187 64 207 226 201 0 0 73 197 255 216 255 193 0 0 255 254 255 254 3 250 0 6 0 4 0 3 0 0 0 0 252 43 206 
170 175 225 36 20 134 145 187 64 207 226 201 0 0 73 197 255 216 255 193 0 0 255 254 255 254 3 250 0 6 0 4 0 3 0 0 0 0 252 43 206 
170 175 225 36 20 134 145 187 64 207 226 201 0 0 73 197 255 216 255 193 0 0 255 254 255 254 3 250 0 6 0 4 0 3 0 0 0 0 252 43 206 
170 175 225 36 20 134 145 187 64 207 226 201 0 0 73 197 255 216 255 193 0 0 255 254 255 254 3 250 0 6 0 4 0 3 0 0 0 0 252 43 206 
170 175 225 36 20 134 145 187 64 207 226 201 0 0 73 197 255 216 255 193 0 0 255 254 255 254 3 250 0 6 0 4 0 3 0 0 0 0 252 44 207 
170 175 225 36 20 134 145 184 64 207 226 195 0 0 73 197 255 216 255 193 0 0 255 254 255 254 3 250 0 6 0 4 0 3 0 0 0 0 252 44 198 
170 175 225 36 20 134 145 184 64 207 226 195 0 0 73 197 255 216 255 193 0 0 255 254 255 254 3 250 0 6 0 3 0 3 0 0 0 0 252 44 197 
170 175 225 36 20 134 145 184 64 207 226 195 0 0 73 197 255 216 255 193 0 0 255 253 255 254 3 250 0 6 0 3 0 3 0 0 0 0 252 44 196 
170 175 225 36 20 134 145 184 64 207 226 195 0 0 73 197 255 216 255 193 0 0 255 253 255 254 3 250 0 6 0 3 0 3 0 0 0 0 252 44 196 
170 175 225 36 20 134 145 184 64 207 226 195 0 0 73 197 255 216 255 193 0 0 255 253 255 254 3 250 0 6 0 3 0 3 0 0 0 0 252 43 195 
170 175 225 36 20 134 145 184 64 207 226 195 0 0 73 197 255 216 255 193 0 0 255 253 255 254 3 250 0 6 0 3 0 3 0 0 0 0 252 43 195 
170 175 225 36 20 134 145 184 64 207 226 195 0 0 73 197 255 216 255 193 0 0 255 253 255 254 3 250 0 6 0 3 0 3 0 0 0 0 252 43 195 
170 175 225 36 20 134 145 184 64 207 226 195 0 0 73 197 255 216 255 193 0 0 255 253 255 254 3 250 0 6 0 3 0 3 0 0 0 0 252 43 195 
170 175 225 36 20 134 145 184 64 207 226 195 0 0 73 197 255 216 255 193 0 0 255 253 255 254 3 250 0 6 0 3 0 3 0 0 0 0 252 43 195 
170 175 225 36 20 134 145 184 64 207 226 195 0 0 73 197 255 216 255 193 0 0 255 253 255 254 3 250 0 6 0 3 0 3 0 0 0 0 252 43 195 
170 175 225 36 20 134 145 184 64 207 226 195 0 0 73 197 255 216 255 193 0 0 255 253 255 254 3 250 0 6 0 3 0 3 0 0 0 0 252 43 195 
170 175 225 36 20 134 145 180 64 207 226 188 0 0 73 197 255 216 255 193 0 0 255 253 255 254 3 250 0 6 0 3 0 3 0 0 0 0 252 43 184 
170 175 225 36 20 134 145 180 64 207 226 188 0 0 73 197 255 216 255 193 0 0 255 253 255 254 3 250 0 6 0 3 0 3 0 0 0 0 252 44 185 
170 175 225 36 20 134 145 180 64 207 226 188 0 0 73 197 255 216 255 193 0 0 255 253 255 254 3 250 0 6 0 3 0 3 0 0 0 0 252 45 186 
170 175 225 36 20 134 145 180 64 207 226 188 0 0 73 197 255 216 255 193 0 0 255 253 255 254 3 250 0 6 0 3 0 3 0 0 0 0 252 45 186 
170 175 225 36 20 134 145 180 64 207 226 188 0 0 73 197 255 216 255 193 0 0 255 253 255 253 3 250 0 6 0 3 0 3 0 0 0 0 252 46 186 
170 175 225 36 20 134 145 180 64 207 226 188 0 0 73 197 255 216 255 193 0 0 255 254 255 253 3 250 0 7 0 3 0 3 0 0 0 0 252 46 188 
170 175 225 36 20 134 145 180 64 207 226 188 0 0 73 197 255 216 255 193 0 0 255 254 255 253 3 251 0 7 0 3 0 3 0 0 0 0 252 44 187 
170 175 225 36 20 134 145 180 64 207 226 188 0 0 73 197 255 216 255 193 0 0 255 254 255 253 3 251 0 7 0 3 0 3 0 0 0 0 252 43 186 
170 175 225 36 20 134 145 180 64 207 226 188 0 0 73 197 255 216 255 193 0 0 255 254 255 253 3 251 0 7 0 3 0 3 0 0 0 0 252 43 186 
170 175 225 36 20 134 145 180 64 207 226 188 0 0 73 197 255 216 255 193 0 0 255 254 255 253 3 251 0 7 0 3 0 3 0 0 0 0 252 43 186 
170 175 225 36 20 134 145 180 64 207 226 188 0 0 73 197 255 216 255 193 0 0 255 254 255 253 3 251 0 7 0 3 0 3 0 0 0 0 252 43 186 
170 175 225 36 20 134 145 177 64 207 226 181 0 0 73 197 255 216 255 193 0 0 255 254 255 253 3 251 0 7 0 3 0 3 0 0 0 0 252 43 176 
170 175 225 36 20 134 145 177 64 207 226 181 0 0 73 197 255 216 255 193 0 0 255 254 255 253 3 251 0 7 0 3 0 3 0 0 0 0 252 43 176 
170 175 225 36 20 134 145 177 64 207 226 181 0 0 73 197 255 216 255 193 0 0 255 254 255 253 3 251 0 7 0 3 0 3 0 0 0 0 252 43 176 
170 175 225 36 20 134 145 177 64 207 226 181 0 0 73 197 255 216 255 193 0 0 255 254 255 253 3 251 0 7 0 3 0 2 0 0 0 0 252 43 175 
170 175 225 36 20 134 145 177 64 207 226 181 0 0 73 197 255 216 255 193 0 0 255 254 255 253 3 251 0 6 0 3 0 2 0 0 0 0 252 44 175 
170 175 225 36 20 134 145 177 64 207 226 181 0 0 73 197 255 216 255 193 0 0 255 254 255 253 3 251 0 6 0 3 0 2 0 0 0 0 252 44 175 
170 175 225 36 20 134 145 177 64 207 226 181 0 0 73 197 255 216 255 193 0 0 255 254 255 253 3 251 0 6 0 3 0 2 0 0 0 0 252 44 175 
170 175 225 36 20 134 145 177 64 207 226 181 0 0 73 197 255 216 255 193 0 0 255 254 255 253 3 251 0 6 0 3 0 2 0 0 0 0 252 44 175 
170 175 225 36 20 134 145 177 64 207 226 181 0 0 73 197 255 216 255 194 0 0 255 254 255 253 3 251 0 6 0 3 0 2 0 0 0 0 252 45 177 
170 175 225 36 20 134 145 177 64 207 226 181 0 0 73 197 255 216 255 194 0 0 255 254 255 253 3 251 0 5 0 3 0 2 0 0 0 0 252 45 176 
170 175 225 36 20 134 145 173 64 207 226 175 0 0 73 197 255 216 255 194 0 0 255 254 255 253 3 251 0 5 0 3 0 2 0 0 0 0 252 45 166 
170 175 225 36 20 134 145 173 64 207 226 175 0 0 73 197 255 216 255 194 0 0 255 254 255 253 3 251 0 5 0 3 0 2 0 0 0 0 252 45 166 
170 175 225 36 20 134 145 173 64 207 226 175 0 0 73 197 255 216 255 194 0 0 255 254 255 253 3 251 0 5 0 3 0 2 0 0 0 0 252 45 166 
170 175 225 36 20 134 145 173 64 207 226 175 0 0 73 197 255 216 255 194 0 0 255 254 255 253 3 251 0 5 0 3 0 2 0 0 0 0 252 45 166 
170 175 225 36 20 134 145 173 64 207 226 175 0 0 73 197 255 216 255 194 0 0 255 254 255 253 3 251 0 5 0 3 0 1 0 0 0 0 252 44 164 
170 175 225 36 20 134 145 173 64 207 226 175 0 0 73 197 255 216 255 194 0 0 255 254 255 253 3 251 0 5 0 3 0 2 0 0 0 0 252 44 165 
170 175 225 36 20 134 145 173 64 207 226 175 0 0 73 197 255 216 255 194 0 0 255 254 255 253 3 251 0 5 0 3 0 2 0 0 0 0 252 43 164 
170 175 225 36 20 134 145 173 64 207 226 175 0 0 73 197 255 216 255 194 0 0 255 254 255 253 3 251 0 5 0 3 0 1 0 0 0 0 252 43 163 
170 175 225 36 20 134 145 173 64 207 226 175 0 0 73 197 255 216 255 194 0 0 255 253 255 253 3 251 0 5 0 3 0 1 0 0 0 0 252 44 163 
170 175 225 36 20 134 145 173 64 207 226 175 0 0 73 197 255 216 255 194 0 0 255 253 255 253 3 251 0 5 0 3 0 1 0 0 0 0 252 44 163 
170 175 225 36 20 134 145 170 64 207 226 169 0 0 73 197 255 216 255 194 0 0 255 253 255 253 3 251 0 5 0 3 0 1 0 0 0 0 252 44 154 
170 175 225 36 20 134 145 170 64 207 226 169 0 0 73 197 255 216 255 194 0 0 255 253 255 252 3 251 0 5 0 3 0 1 0 0 0 0 252 45 154 
170 175 225 36 20 134 145 170 64 207 226 169 0 0 73 197 255 216 255 194 0 0 255 253 255 252 3 251 0 5 0 3 0 1 0 0 0 0 252 45 154 
170 175 225 36 20 134 145 170 64 207 226 169 0 0 73 197 255 216 255 194 0 0 255 253 255 252 3 251 0 5 0 3 0 1 0 0 0 0 252 45 154 
170 175 225 36 20 134 145 170 64 207 226 169 0 0 73 197 255 216 255 194 0 0 255 253 255 252 3 251 0 4 0 3 0 1 0 0 0 0 252 45 153 
170 175 225 36 20 134 145 170 64 207 226 169 0 0 73 197 255 216 255 194 0 0 255 252 255 252 3 251 0 4 0 3 0 1 0 0 0 0 252 45 152 
170 175 225 36 20 134 145 170 64 207 226 169 0 0 73 197 255 216 255 194 0 0 255 252 255 252 3 250 0 4 0 3 0 0 0 0 0 0 252 45 150 
170 175 225 36 20 134 145 170 64 207 226 169 0 0 73 197 255 216 255 194 0 0 255 252 255 252 3 250 0 5 0 3 0 1 0 0 0 0 252 44 151 
170 175 225 36 20 134 145 170 64 207 226 169 0 0 73 197 255 216 255 194 0 0 255 252 255 252 3 250 0 5 0 3 0 1 0 0 0 0 252 44 151 
170 175 225 36 20 134 145 170 64 207 226 169 0 0 73 197 255 216 255 194 0 0 255 252 255 252 3 250 0 5 0 3 0 1 0 0 0 0 252 43 150 
170 175 225 36 20 134 145 170 64 207 226 169 0 0 73 197 255 216 255 194 0 0 255 252 255 252 3 250 0 5 0 3 0 1 0 0 0 0 252 43 150 
170 175 225 36 20 134 145 166 64 207 226 162 0 0 73 197 255 216 255 194 0 0 255 252 255 252 3 250 0 5 0 3 0 1 0 0 0 0 252 43 139 
170 175 225 36 20 134 145 166 64 207 226 162 0 0 73 197 255 216 255 194 0 0 255 252 255 252 3 250 0 5 0 3 0 1 0 0 0 0 252 43 139 
170 175 225 36 20 134 145 166 64 207 226 162 0 0 73 197 255 216 255 194 0 0 255 252 255 252 3 250 0 5 0 3 0 1 0 0 0 0 252 43 139 
170 175 225 36 20 134 145 166 64 207 226 162 0 0 73 197 255 216 255 194 0 0 255 252 255 252 3 250 0 5 0 3 0 1 0 0 0 0 252 43 139 
170 175 225 36 20 134 145 166 64 207 226 162 0 0 73 197 255 216 255 194 0 0 255 252 255 252 3 250 0 5 0 3 0 1 0 0 0 0 252 43 139 
170 175 225 36 20 134 145 166 64 207 226 162 0 0 73 197 255 216 255 194 0 0 255 252 255 252 3 250 0 5 0 3 0 1 0 0 0 0 252 43 139 
170 175 225 36 20 134 145 166 64 207 226 162 0 0 73 197 255 216 255 194 0 0 255 252 255 252 3 250 0 5 0 3 0 1 0 0 0 0 252 44 140 
170 175 225 36 20 134 145 166 64 207 226 162 0 0 73 197 255 216 255 194 0 0 255 252 255 252 3 250 0 5 0 3 0 1 0 0 0 0 252 44 140 
170 175 225 36 20 134 145 166 64 207 226 162 0 0 73 197 255 216 255 194 0 0 255 252 255 252 3 250 0 5 0 3 0 2 0 0 0 0 252 44 141 
170 175 225 36 20 134 145 166 64 207 226 162 0 0 73 197 255 216 255 194 0 0 255 252 255 252 3 250 0 5 0 3 0 2 0 0 0 0 252 45 142 
170 175 225 36 20 134 145 163 64 207 226 156 0 0 73 197 255 216 255 194 0 0 255 252 255 252 3 250 0 5 0 3 0 2 0 0 0 0 252 45 133 
170 175 225 36 20 134 145 163 64 207 226 156 0 0 73 197 255 216 255 194 0 0 255 252 255 252 3 250 0 5 0 3 0 2 0 0 0 0 252 45 133 
170 175 225 36 20 134 145 163 64 207 226 156 0 0 73 197 255 216 255 194 0 0 255 252 255 252 3 250 0 5 0 3 0 2 0 0 0 0 252 45 133 
170 175 225 36 20 134 145 163 64 207 226 156 0 0 73 197 255 216 255 194 0 0 255 252 255 252 3 250 0 5 0 3 0 2 0 0 0 0 252 44 132 
170 175 225 36 20 134 145 163 64 207 226 156 0 0 73 197 255 216 255 194 0 0 255 250 255 252 3 250 0 6 0 3 0 2 0 0 0 0 252 44 131 
170 175 225 36 20 134 145 163 64 207 226 156 0 0 73 197 255 216 255 194 0 0 255 250 255 252 3 250 0 6 0 3 0 2 0 0 0 0 252 44 131 
170 175 225 36 20 134 145 163 64 207 226 156 0 0 73 197 255 216 255 194 0 0 255 250 255 252 3 250 0 6 0 3 0 2 0 0 0 0 252 44 131 
170 175 225 36 20 134 145 163 64 207 226 156 0 0 73 197 255 216 255 194 0 0 255 250 255 252 3 250 0 6 0 3 0 2 0 0 0 0 252 44 131 
170 175 225 36 20 134 145 163 64 207 226 156 0 0 73 197 255 216 255 194 0 0 255 250 255 252 3 250 0 6 0 3 0 2 0 0 0 0 252 44 131 
170 175 225 36 20 134 145 163 64 207 226 156 0 0 73 197 255 216 255 194 0 0 255 250 255 252 3 250 0 6 0 3 0 2 0 0 0 0 252 44 131 
170 175 225 36 20 134 145 163 64 207 226 156 0 0 73 197 255 216 255 194 0 0 255 250 255 252 3 250 0 6 0 4 0 2 0 0 0 0 252 44 132 
170 175 225 36 20 134 145 159 64 207 226 149 0 0 73 197 255 216 255 194 0 0 255 250 255 252 3 250 0 6 0 4 0 2 0 0 0 0 252 44 121 
170 175 225 36 20 134 145 159 64 207 226 149 0 0 73 197 255 216 255 194 0 0 255 250 255 252 3 250 0 7 0 4 0 2 0 0 0 0 252 44 122 
170 175 225 36 20 134 145 159 64 207 226 149 0 0 73 197 255 216 255 194 0 0 255 252 255 252 3 250 0 7 0 4 0 2 0 0 0 0 252 44 124 
170 175 225 36 20 134 145 159 64 207 226 149 0 0 73 197 255 216 255 194 0 0 255 252 255 252 3 250 0 7 0 4 0 2 0 0 0 0 252 44 124 
170 175 225 36 20 134 145 159 64 207 226 149 0 0 73 197 255 216 255 194 0 0 255 252 255 252 3 250 0 7 0 4 0 2 0 0 0 0 252 44 124 
170 175 225 36 20 134 145 159 64 207 226 149 0 0 73 197 255 216 255 194 0 0 255 252 255 252 3 250 0 7 0 4 0 2 0 0 0 0 252 44 124 
170 175 225 36 20 134 145 159 64 207 226 149 0 0 73 197 255 216 255 194 0 0 255 252 255 252 3 250 0 7 0 4 0 2 0 0 0 0 252 44 124 
170 175 225 36 20 134 145 159 64 207 226 149 0 0 73 197 255 216 255 194 0 0 255 252 255 252 3 250 0 7 0 4 0 2 0 0 0 0 252 44 124 
170 175 225 36 20 134 145 159 64 207 226 149 0 0 73 197 255 216 255 194 0 0 255 252 255 252 3 250 0 7 0 4 0 2 0 0 0 0 252 44 124 
170 175 225 36 20 134 145 159 64 207 226 149 0 0 73 197 255 216 255 194 0 0 255 252 255 252 3 250 0 7 0 4 0 2 0 0 0 0 252 44 124 
170 175 225 36 20 134 145 159 64 207 226 149 0 0 73 197 255 216 255 194 0 0 255 252 255 252 3 250 0 7 0 4 0 2 0 0 0 0 252 43 123 
170 175 225 36 20 134 145 156 64 207 226 142 0 0 73 197 255 216 255 194 0 0 255 252 255 252 3 250 0 7 0 4 0 2 0 0 0 0 252 43 113 
170 175 225 36 20 134 145 156 64 207 226 142 0 0 73 197 255 216 255 194 0 0 255 252 255 252 3 250 0 7 0 4 0 2 0 0 0 0 252 43 113 
170 175 225 36 20 134 145 156 64 207 226 142 0 0 73 197 255 216 255 194 0 0 255 252 255 252 3 250 0 7 0 4 0 2 0 0 0 0 252 42 112 
170 175 225 36 20 134 145 156 64 207 226 142 0 0 73 197 255 216 255 194 0 0 255 252 255 253 3 250 0 7 0 4 0 2 0 0 0 0 252 42 113 
170 175 225 36 20 134 145 156 64 207 226 142 0 0 73 197 255 216 255 194 0 0 255 252 255 253 3 250 0 7 0 4 0 2 0 0 0 0 252 43 114 
170 175 225 36 20 134 145 156 64 207 226 142 0 0 73 197 255 216 255 194 0 0 255 252 255 253 3 250 0 7 0 4 0 2 0 0 0 0 252 43 114 
170 175 225 36 20 134 145 156 64 207 226 142 0 0 73 197 255 216 255 194 0 0 255 252 255 253 3 250 0 7 0 4 0 3 0 0 0 0 252 44 116 
170 175 225 36 20 134 145 156 64 207 226 142 0 0 73 197 255 216 255 194 0 0 255 252 255 253 3 250 0 7 0 4 0 3 0 0 0 0 252 44 116 
170 175 225 36 20 134 145 156 64 207 226 142 0 0 73 197 255 216 255 194 0 0 255 252 255 253 3 250 0 7 0 4 0 3 0 0 0 0 252 45 117 
170 175 225 36 20 134 145 156 64 207 226 142 0 0 73 197 255 216 255 194 0 0 255 252 255 253 3 250 0 6 0 4 0 3 0 0 0 0 252 44 115 
170 175 225 36 20 134 145 156 64 207 226 142 0 0 73 197 255 216 255 194 0 0 255 252 255 253 3 250 0 6 0 4 0 3 0 0 0 0 252 44 115 
170 175 225 36 20 134 145 152 64 207 226 136 0 0 73 197 255 216 255 194 0 0 255 252 255 253 3 250 0 6 0 4 0 3 0 0 0 0 252 44 105 
170 175 225 36 20 134 145 152 64 207 226 136 0 0 73 197 255 216 255 194 0 0 255 252 255 253 3 250 0 6 0 3 0 3 0 0 0 0 252 43 103 
170 175 225 36 20 134 145 152 64 207 226 136 0 0 73 197 255 216 255 194 0 0 255 252 255 253 3 250 0 6 0 3 0 3 0 0 0 0 252 43 103 
170 175 225 36 20 134 145 152 64 207 226 136 0 0 73 197 255 216 255 194 0 0 255 252 255 253 3 250 0 6 0 3 0 3 0 0 0 0 252 43 103 
170 175 225 36 20 134 145 152 64 207 226 136 0 0 73 197 255 216 255 194 0 0 255 252 255 253 3 250 0 6 0 3 0 3 0 0 0 0 252 43 103 
170 175 225 36 20 134 145 152 64 207 226 136 0 0 73 197 255 216 255 194 0 0 255 252 255 253 3 251 0 6 0 3 0 3 0 0 0 0 252 43 104 
170 175 225 36 20 134 145 152 64 207 226 136 0 0 73 197 255 216 255 194 0 0 255 252 255 253 3 251 0 6 0 3 0 3 0 0 0 0 252 43 104 
170 175 225 36 20 134 145 152 64 207 226 136 0 0 73 197 255 216 255 194 0 0 255 252 255 253 3 251 0 6 0 3 0 3 0 0 0 0 252 43 104 
170 175 225 36 20 134 145 152 64 207 226 136 0 0 73 197 255 216 255 194 0 0 255 252 255 253 3 251 0 6 0 3 0 3 0 0 0 0 252 43 104 
170 175 225 36 20 134 145 152 64 207 226 136 0 0 73 197 255 216 255 194 0 0 255 252 255 253 3 251 0 6 0 3 0 3 0 0 0 0 252 43 104 
170 175 225 36 20 134 145 149 64 207 226 130 0 0 73 197 255 216 255 194 0 0 255 252 255 253 3 251 0 6 0 3 0 2 0 0 0 0 252 43 94 
170 175 225 36 20 134 145 149 64 207 226 130 0 0 73 197 255 216 255 194 0 0 255 252 255 253 3 251 0 6 0 3 0 3 0 0 0 0 252 43 95 
170 175 225 36 20 134 145 149 64 207 226 130 0 0 73 197 255 216 255 194 0 0 255 252 255 253 3 251 0 6 0 3 0 2 0 0 0 0 252 43 94 
170 175 225 36 20 134 145 149 64 207 226 130 0 0 73 197 255 216 255 194 0 0 255 252 255 253 3 251 0 6 0 4 0 2 0 0 0 0 252 43 95 
170 175 225 36 20 134 145 149 64 207 226 130 0 0 73 197 255 216 255 194 0 0 255 252 255 253 3 251 0 6 0 4 0 2 0 0 0 0 252 43 95 
170 175 225 36 20 134 145 149 64 207 226 130 0 0 73 197 255 216 255 194 0 0 255 252 255 253 3 251 0 6 0 4 0 2 0 0 0 0 252 43 95 
170 175 225 36 20 134 145 149 64 207 226 130 0 0 73 197 255 216 255 194 0 0 255 252 255 253 3 251 0 6 0 4 0 2 0 0 0 0 252 44 96 
170 175 225 36 20 134 145 149 64 207 226 130 0 0 73 197 255 216 255 194 0 0 255 253 255 253 3 251 0 7 0 4 0 2 0 0 0 0 252 44 98 
170 175 225 36 20 134 145 149 64 207 226 130 0 0 73 197 255 216 255 194 0 0 255 253 255 254 3 251 0 7 0 4 0 2 0 0 0 0 252 44 99 
170 175 225 36 20 134 145 149 64 207 226 130 0 0 73 197 255 216 255 194 0 0 255 253 255 254 3 251 0 7 0 4 0 2 0 0 0 0 252 44 99 
170 175 225 36 20 134 145 149 64 207 226 130 0 0 73 197 255 216 255 194 0 0 255 253 255 254 3 251 0 7 0 4 0 2 0 0 0 0 252 45 100 
170 175 225 36 20 134 145 149 64 207 226 130 0 0 73 197 255 216 255 194 0 0 255 253 255 254 3 251 0 7 0 4 0 2 0 0 0 0 252 44 99 
170 175 225 36 20 134 145 145 64 207 226 123 0 0 73 197 255 216 255 194 0 0 255 253 255 254 3 251 0 7 0 4 0 1 0 0 0 0 252 43 86 
170 175 225 36 20 134 145 145 64 207 226 123 0 0 73 197 255 216 255 194 0 0 255 253 255 254 3 251 0 6 0 3 0 2 0 0 0 0 252 43 85 
170 175 225 36 20 134 145 145 64 207 226 123 0 0 73 197 255 216 255 194 0 0 255 253 255 254 3 251 0 6 0 3 0 2 0 0 0 0 252 43 85 
170 175 225 36 20 134 145 145 64 207 226 123 0 0 73 197 255 216 255 194 0 0 255 253 255 254 3 251 0 6 0 3 0 2 0 0 0 0 252 43 85 
170 175 225 36 20 134 145 145 64 207 226 123 0 0 73 197 255 216 255 194 0 0 255 253 255 254 3 251 0 7 0 3 0 2 0 0 0 0 252 43 86 
170 175 225 36 20 134 145 145 64 207 226 123 0 0 73 197 255 216 255 194 0 0 255 253 255 254 3 251 0 7 0 3 0 1 0 0 0 0 252 43 85 
170 175 225 36 20 134 145 145 64 207 226 123 0 0 73 197 255 216 255 194 0 0 255 253 255 254 3 251 0 7 0 3 0 1 0 0 0 0 252 44 86 
170 175 225 36 20 134 145 145 64 207 226 123 0 0 73 197 255 216 255 194 0 0 255 253 255 254 3 251 0 7 0 3 0 1 0 0 0 0 252 44 86 
170 175 225 36 20 134 145 145 64 207 226 123 0 0 73 197 255 216 255 194 0 0 255 253 255 254 3 251 0 7 0 2 0 1 0 0 0 0 252 44 85 
170 175 225 36 20 134 145 145 64 207 226 123 0 0 73 197 255 216 255 194 0 0 255 253 255 253 3 251 0 7 0 2 0 1 0 0 0 0 252 43 83 
170 175 225 36 20 134 145 142 64 207 226 117 0 0 73 197 255 216 255 194 0 0 255 254 255 253 3 251 0 7 0 2 0 1 0 0 0 0 252 43 75 
170 175 225 36 20 134 145 142 64 207 226 117 0 0 73 197 255 216 255 194 0 0 255 254 255 253 3 251 0 7 0 2 0 1 0 0 0 0 252 43 75 
170 175 225 36 20 134 145 142 64 207 226 117 0 0 73 197 255 216 255 194 0 0 255 254 255 253 3 250 0 7 0 2 0 1 0 0 0 0 252 43 74 
170 175 225 36 20 134 145 142 64 207 226 117 0 0 73 197 255 216 255 194 0 0 255 254 255 253 3 250 0 7 0 2 0 1 0 0 0 0 252 43 74 
170 175 225 36 20 134 145 142 64 207 226 117 0 0 73 197 255 216 255 194 0 0 255 254 255 253 3 250 0 7 0 2 0 1 0 0 0 0 252 43 74 
170 175 225 36 20 134 145 142 64 207 226 117 0 0 73 197 255 216 255 194 0 0 255 254 255 253 3 250 0 7 0 3 0 1 0 0 0 0 252 43 75 
170 175 225 36 20 134 145 142 64 207 226 117 0 0 73 197 255 216 255 194 0 0 255 254 255 253 3 250 0 7 0 3 0 1 0 0 0 0 252 43 75 
170 175 225 36 20 134 145 142 64 207 226 117 0 0 73 197 255 216 255 194 0 0 255 254 255 253 3 250 0 7 0 3 0 1 0 0 0 0 252 43 75 
170 175 225 36 20 134 145 142 64 207 226 117 0 0 73 197 255 216 255 194 0 0 255 254 255 252 3 250 0 7 0 3 0 2 0 0 0 0 252 43 75 
170 175 225 36 20 134 145 142 64 207 226 117 0 0 73 197 255 216 255 194 0 0 255 255 255 252 3 250 0 7 0 3 0 2 0 0 0 0 252 43 76 
170 175 225 36 20 134 145 138 64 207 226 110 0 0 73 197 255 216 255 194 0 0 255 255 255 252 3 250 0 7 0 3 0 2 0 0 0 0 252 43 65 
170 175 225 36 20 134 145 138 64 207 226 110 0 0 73 197 255 216 255 194 0 0 255 255 255 252 3 250 0 7 0 3 0 2 0 0 0 0 252 43 65 
170 175 225 36 20 134 145 138 64 207 226 110 0 0 73 197 255 216 255 194 0 0 255 255 255 252 3 250 0 6 0 3 0 2 0 0 0 0 252 43 64 
170 175 225 36 20 134 145 138 64 207 226 110 0 0 73 197 255 216 255 194 0 0 255 255 255 252 3 250 0 6 0 3 0 2 0 0 0 0 252 43 64 
170 175 225 36 20 134 145 138 64 207 226 110 0 0 73 197 255 216 255 194 0 0 255 255 255 252 3 250 0 6 0 3 0 2 0 0 0 0 252 44 65 
170 175 225 36 20 134 145 138 64 207 226 110 0 0 73 197 255 216 255 194 0 0 255 255 255 252 3 250 0 6 0 3 0 2 0 0 0 0 252 44 65 
170 175 225 36 20 134 145 138 64 207 226 110 0 0 73 197 255 216 255 194 0 0 255 255 255 252 3 250 0 6 0 3 0 2 0 0 0 0 252 44 65 
170 175 225 36 20 134 145 138 64 207 226 110 0 0 73 197 255 216 255 194 0 0 255 255 255 252 3 250 0 6 0 3 0 2 0 0 0 0 252 44 65 
170 175 225 36 20 134 145 138 64 207 226 110 0 0 73 197 255 216 255 194 0 0 255 255 255 252 3 250 0 6 0 3 0 3 0 0 0 0 252 44 66 
170 175 225 36 20 134 145 138 64 207 226 110 0 0 73 197 255 216 255 194 0 0 255 255 255 252 3 250 0 5 0 3 0 3 0 0 0 0 252 44 65 
170 175 225 36 20 134 145 135 64 207 226 104 0 0 73 197 255 216 255 194 0 0 255 255 255 252 3 250 0 5 0 3 0 3 0 0 0 0 252 43 55 
170 175 225 36 20 134 145 135 64 207 226 104 0 0 73 197 255 216 255 194 0 0 255 254 255 252 3 250 0 5 0 3 0 3 0 0 0 0 252 43 54 
170 175 225 36 20 134 145 135 64 207 226 104 0 0 73 197 255 216 255 194 0 0 255 254 255 252 3 251 0 5 0 3 0 3 0 0 0 0 252 43 55 
170 175 225 36 20 134 145 135 64 207 226 104 0 0 73 197 255 216 255 194 0 0 255 254 255 252 3 251 0 6 0 3 0 3 0 0 0 0 252 42 55 
170 175 225 36 20 134 145 135 64 207 226 104 0 0 73 197 255 216 255 194 0 0 255 254 255 252 3 251 0 6 0 4 0 3 0 0 0 0 252 42 56 
170 175 225 36 20 134 145 135 64 207 226 104 0 0 73 197 255 216 255 194 0 0 255 254 255 252 3 251 0 6 0 4 0 3 0 0 0 0 252 42 56 
170 175 225 36 20 134 145 135 64 207 226 104 0 0 73 197 255 216 255 194 0 0 255 254 255 252 3 251 0 6 0 4 0 3 0 0 0 0 252 42 56 
170 175 225 36 20 134 145 135 64 207 226 104 0 0 73 197 255 216 255 194 0 0 255 254 255 252 3 251 0 6 0 4 0 3 0 0 0 0 252 43 57 
170 175 225 36 20 134 145 135 64 207 226 104 0 0 73 197 255 216 255 194 0 0 255 254 255 252 3 251 0 6 0 4 0 3 0 0 0 0 252 43 57 
170 175 225 36 20 134 145 135 64 207 226 104 0 0 73 197 255 216 255 194 0 0 255 254 255 252 3 251 0 6 0 4 0 3 0 0 0 0 252 43 57 
170 175 225 36 20 134 145 135 64 207 226 104 0 0 73 197 255 216 255 194 0 0 255 254 255 252 3 251 0 6 0 4 0 2 0 0 0 0 252 43 56 
170 175 225 36 20 134 145 132 64 207 226 97 0 0 73 197 255 216 255 194 0 0 255 254 255 252 3 251 0 6 0 4 0 3 0 0 0 0 252 43 47 
170 175 225 36 20 134 145 132 64 207 226 97 0 0 73 197 255 216 255 194 0 0 255 254 255 252 3 251 0 6 0 4 0 3 0 0 0 0 252 43 47 
170 175 225 36 20 134 145 132 64 207 226 97 0 0 73 197 255 216 255 194 0 0 255 254 255 252 3 251 0 5 0 3 0 2 0 0 0 0 252 44 45 
170 175 225 36 20 134 145 132 64 207 226 97 0 0 73 197 255 216 255 195 0 0 255 254 255 252 3 251 0 5 0 3 0 2 0 0 0 0 252 44 46 
170 175 225 36 20 134 145 132 64 207 226 97 0 0 73 197 255 216 255 195 0 0 255 254 255 252 3 251 0 5 0 3 0 2 0 0 0 0 252 45 47 
170 175 225 36 20 134 145 132 64 207 226 97 0 0 73 197 255 216 255 195 0 0 255 254 255 252 3 251 0 5 0 3 0 2 0 0 0 0 252 45 47 
170 175 225 36 20 134 145 132 64 207 226 97 0 0 73 197 255 216 255 195 0 0 255 254 255 253 3 251 0 5 0 3 0 2 0 0 0 0 252 45 48 
170 175 225 36 20 134 145 132 64 207 226 97 0 0 73 197 255 216 255 195 0 0 255 254 255 253 3 251 0 5 0 3 0 2 0 0 0 0 252 45 48 
170 175 225 36 20 134 145 132 64 207 226 97 0 0 73 197 255 216 255 195 0 0 255 254 255 253 3 251 0 5 0 3 0 2 0 0 0 0 252 44 47 
170 175 225 36 20 134 145 132 64 207 226 97 0 0 73 197 255 216 255 195 0 0 255 253 255 253 3 251 0 5 0 3 0 2 0 0 0 0 252 44 46 
170 175 225 36 20 134 145 132 64 207 226 97 0 0 73 197 255 216 255 195 0 0 255 253 255 253 3 251 0 6 0 3 0 2 0 0 0 0 252 43 46 
170 175 225 36 20 134 145 128 64 207 226 91 0 0 73 197 255 216 255 195 0 0 255 253 255 253 3 251 0 6 0 3 0 2 0 0 0 0 252 42 35 
170 175 225 36 20 134 145 128 64 207 226 91 0 0 73 197 255 216 255 195 0 0 255 253 255 253 3 251 0 6 0 3 0 2 0 0 0 0 252 41 34 
170 175 225 36 20 134 145 128 64 207 226 91 0 0 73 197 255 216 255 195 0 0 255 253 255 253 3 251 0 6 0 3 0 2 0 0 0 0 252 41 34 
170 175 225 36 20 134 145 128 64 207 226 91 0 0 73 197 255 216 255 195 0 0 255 253 255 253 3 251 0 6 0 3 0 2 0 0 0 0 252 41 34 
170 175 225 36 20 134 145 128 64 207 226 91 0 0 73 197 255 216 255 195 0 0 255 253 255 253 3 251 0 6 0 3 0 2 0 0 0 0 252 42 35 
170 175 225 36 20 134 145 128 64 207 226 91 0 0 73 197 255 216 255 195 0 0 255 253 255 253 3 251 0 6 0 3 0 2 0 0 0 0 252 43 36 
170 175 225 36 20 134 145 128 64 207 226 91 0 0 73 197 255 216 255 195 0 0 255 253 255 253 3 251 0 6 0 3 0 2 0 0 0 0 252 43 36 
170 175 225 36 20 134 145 128 64 207 226 91 0 0 73 197 255 217 255 195 0 0 255 253 255 253 3 251 0 6 0 3 0 2 0 0 0 0 252 44 38 
170 175 225 36 20 134 145 128 64 207 226 91 0 0 73 197 255 217 255 195 0 0 255 253 255 253 3 251 0 6 0 3 0 1 0 0 0 0 252 44 37 
170 175 225 36 20 134 145 128 64 207 226 91 0 0 73 197 255 217 255 195 0 0 255 253 255 253 3 251 0 6 0 3 0 2 0 0 0 0 252 45 39 
170 175 225 36 20 134 145 128 64 207 226 91 0 0 73 197 255 217 255 195 0 0 255 253 255 253 3 251 0 6 0 3 0 2 0 0 0 0 252 45 39 
170 175 225 36 20 134 145 125 64 207 226 84 0 0 73 197 255 217 255 195 0 0 255 253 255 253 3 251 0 6 0 3 0 2 0 0 0 0 252 44 28 
170 175 225 36 20 134 145 125 64 207 226 84 0 0 73 197 255 217 255 195 0 0 255 253 255 253 3 251 0 6 0 3 0 2 0 0 0 0 252 43 27 
170 175 225 36 20 134 145 125 64 207 226 84 0 0 73 197 255 217 255 195 0 0 255 253 255 253 3 251 0 6 0 3 0 2 0 0 0 0 252 43 27 
170 175 225 36 20 134 145 125 64 207 226 84 0 0 73 197 255 217 255 195 0 0 255 253 255 253 3 251 0 6 0 3 0 2 0 0 0 0 252 43 27 
170 175 225 36 20 134 145 125 64 207 226 84 0 0 73 197 255 217 255 195 0 0 255 253 255 253 3 251 0 6 0 3 0 2 0 0 0 0 252 43 27 
170 175 225 36 20 134 145 125 64 207 226 84 0 0 73 197 255 217 255 195 0 0 255 253 255 253 3 251 0 6 0 3 0 2 0 0 0 0 252 43 27 
170 175 225 36 20 134 145 125 64 207 226 84 0 0 73 197 255 217 255 195 0 0 255 253 255 253 3 251 0 6 0 3 0 2 0 0 0 0 252 43 27 
170 175 225 36 20 134 145 125 64 207 226 84 0 0 73 197 255 217 255 195 0 0 255 253 255 253 3 251 0 6 0 3 0 2 0 0 0 0 252 43 27 
170 175 225 36 20 134 145 125 64 207 226 84 0 0 73 197 255 217 255 195 0 0 255 253 255 253 3 251 0 6 0 3 0 2 0 0 0 0 252 43 27 
170 175 225 36 20 134 145 125 64 207 226 84 0 0 73 197 255 217 255 195 0 0 255 253 255 253 3 251 0 6 0 3 0 2 0 0 0 0 252 43 27 
170 175 225 36 20 134 145 125 64 207 226 84 0 0 73 197 255 217 255 195 0 0 255 253 255 252 3 251 0 6 0 3 0 2 0 0 0 0 252 43 26 
170 175 225 36 20 134 145 121 64 207 226 77 0 0 73 197 255 217 255 195 0 0 255 253 255 252 3 251 0 6 0 3 0 2 0 0 0 0 252 43 15 
170 175 225 36 20 134 145 121 64 207 226 77 0 0 73 197 255 217 255 195 0 0 255 253 255 252 3 251 0 6 0 3 0 2 0 0 0 0 252 43 15 
170 175 225 36 20 134 145 121 64 207 226 77 0 0 73 197 255 217 255 195 0 0 255 253 255 252 3 251 0 6 0 3 0 2 0 0 0 0 252 43 15 
170 175 225 36 20 134 145 121 64 207 226 77 0 0 73 197 255 217 255 195 0 0 255 253 255 252 3 251 0 6 0 3 0 2 0 0 0 0 252 43 15 
170 175 225 36 20 134 145 121 64 207 226 77 0 0 73 197 255 217 255 195 0 0 255 253 255 252 3 251 0 6 0 3 0 1 0 0 0 0 252 43 14 
170 175 225 36 20 134 145 121 64 207 226 77 0 0 73 197 255 217 255 195 0 0 255 253 255 252 3 251 0 6 0 3 0 1 0 0 0 0 252 43 14 
170 175 225 36 20 134 145 121 64 207 226 77 0 0 73 197 255 217 255 195 0 0 255 253 255 252 3 251 0 6 0 3 0 1 0 0 0 0 252 43 14 
170 175 225 36 20 134 145 121 64 207 226 77 0 0 73 197 255 217 255 195 0 0 255 253 255 252 3 251 0 6 0 3 0 1 0 0 0 0 252 43 14 
170 175 225 36 20 134 145 121 64 207 226 77 0 0 73 197 255 217 255 195 0 0 255 253 255 252 3 251 0 6 0 3 0 1 0 0 0 0 252 43 14 
170 175 225 36 20 134 145 121 64 207 226 77 0 0 73 197 255 217 255 195 0 0 255 253 255 252 3 251 0 6 0 3 0 1 0 0 0 0 252 43 14 
170 175 225 36 20 134 145 117 64 207 226 71 0 0 73 197 255 217 255 195 0 0 255 253 255 252 3 251 0 6 0 3 0 1 0 0 0 0 252 43 4 
170 175 225 36 20 134 145 117 64 207 226 71 0 0 73 197 255 217 255 195 0 0 255 253 255 252 3 250 0 6 0 3 0 1 0 0 0 0 252 43 3 
170 175 225 36 20 134 145 117 64 207 226 71 0 0 73 197 255 217 255 195 0 0 255 253 255 252 3 250 0 6 0 3 0 1 0 0 0 0 252 43 3 
170 175 225 36 20 134 145 117 64 207 226 71 0 0 73 197 255 217 255 195 0 0 255 253 255 252 3 250 0 6 0 3 0 1 0 0 0 0 252 43 3 
170 175 225 36 20 134 145 117 64 207 226 71 0 0 73 197 255 217 255 195 0 0 255 253 255 252 3 250 0 6 0 3 0 1 0 0 0 0 252 43 3 
170 175 225 36 20 134 145 117 64 207 226 71 0 0 73 197 255 217 255 195 0 0 255 253 255 252 3 250 0 6 0 3 0 1 0 0 0 0 252 43 3 
170 175 225 36 20 134 145 117 64 207 226 71 0 0 73 197 255 217 255 195 0 0 255 253 255 252 3 250 0 6 0 3 0 2 0 0 0 0 252 43 4 
170 175 225 36 20 134 145 117 64 207 226 71 0 0 73 197 255 217 255 195 0 0 255 253 255 252 3 250 0 6 0 3 0 2 0 0 0 0 252 43 4 
170 175 225 36 20 134 145 117 64 207 226 71 0 0 73 197 255 217 255 195 0 0 255 253 255 252 3 250 0 6 0 3 0 2 0 0 0 0 252 43 4 
170 175 225 36 20 134 145 117 64 207 226 71 0 0 73 197 255 217 255 195 0 0 255 253 255 252 3 250 0 6 0 3 0 2 0 0 0 0 252 43 4 
170 175 225 36 20 134 145 114 64 207 226 65 0 0 73 197 255 217 255 195 0 0 255 253 255 252 3 250 0 6 0 3 0 2 0 0 0 0 252 43 251 
170 175 225 36 20 134 145 114 64 207 226 65 0 0 73 197 255 217 255 195 0 0 255 253 255 252 3 250 0 6 0 3 0 2 0 0 0 0 252 43 251 
170 175 225 36 20 134 145 114 64 207 226 65 0 0 73 197 255 217 255 195 0 0 255 253 255 252 3 250 0 6 0 3 0 2 0 0 0 0 252 43 251 
170 175 225 36 20 134 145 114 64 207 226 65 0 0 73 197 255 217 255 195 0 0 255 253 255 252 3 250 0 6 0 3 0 2 0 0 0 0 252 43 251 
170 175 225 36 20 134 145 114 64 207 226 65 0 0 73 197 255 217 255 195 0 0 255 253 255 252 3 250 0 6 0 3 0 2 0 0 0 0 252 43 251 
170 175 225 36 20 134 145 114 64 207 226 65 0 0 73 197 255 217 255 195 0 0 255 253 255 252 3 250 0 5 0 3 0 3 0 0 0 0 252 44 252 
170 175 225 36 20 134 145 114 64 207 226 65 0 0 73 197 255 217 255 195 0 0 255 253 255 252 3 250 0 5 0 3 0 3 0 0 0 0 252 44 252 
170 175 225 36 20 134 145 114 64 207 226 65 0 0 73 197 255 217 255 195 0 0 255 252 255 252 3 250 0 5 0 3 0 3 0 0 0 0 252 44 251 
170 175 225 36 20 134 145 114 64 207 226 65 0 0 73 197 255 217 255 195 0 0 255 252 255 252 3 250 0 5 0 3 0 3 0 0 0 0 252 45 252 
170 175 225 36 20 134 145 114 64 207 226 65 0 0 73 197 255 217 255 195 0 0 255 252 255 252 3 251 0 5 0 3 0 3 0 0 0 0 252 45 253 
170 175 225 36 20 134 145 114 64 207 226 65 0 0 73 197 255 217 255 195 0 0 255 252 255 252 3 251 0 5 0 3 0 3 0 0 0 0 252 44 252 
170 175 225 36 20 134 145 111 64 207 226 58 0 0 73 197 255 217 255 195 0 0 255 252 255 252 3 251 0 5 0 3 0 3 0 0 0 0 252 44 242 
170 175 225 36 20 134 145 111 64 207 226 58 0 0 73 197 255 217 255 195 0 0 255 252 255 252 3 251 0 5 0 3 0 3 0 0 0 0 252 44 242 
170 175 225 36 20 134 145 111 64 207 226 58 0 0 73 197 255 217 255 195 0 0 255 252 255 252 3 251 0 6 0 3 0 3 0 0 0 0 252 44 243 
170 175 225 36 20 134 145 111 64 207 226 58 0 0 73 197 255 217 255 195 0 0 255 252 255 252 3 251 0 6 0 3 0 3 0 0 0 0 252 43 242 
170 175 225 36 20 134 145 111 64 207 226 58 0 0 73 197 255 217 255 195 0 0 255 252 255 252 3 251 0 6 0 3 0 3 0 0 0 0 252 43 242 
170 175 225 36 20 134 145 111 64 207 226 58 0 0 73 197 255 217 255 195 0 0 255 252 255 252 3 251 0 6 0 3 0 3 0 0 0 0 252 43 242 
170 175 225 36 20 134 145 111 64 207 226 58 0 0 73 197 255 217 255 195 0 0 255 252 255 252 3 251 0 6 0 3 0 3 0 0 0 0 252 44 243 
170 175 225 36 20 134 145 111 64 207 226 58 0 0 73 197 255 217 255 195 0 0 255 252 255 252 3 251 0 6 0 3 0 3 0 0 0 0 252 44 243 
170 175 225 36 20 134 145 111 64 207 226 58 0 0 73 197 255 217 255 195 0 0 255 252 255 252 3 251 0 6 0 3 0 3 0 0 0 0 252 44 243 
170 175 225 36 20 134 145 111 64 207 226 58 0 0 73 197 255 217 255 195 0 0 255 252 255 252 3 251 0 6 0 3 0 2 0 0 0 0 252 45 243 
170 175 225 36 20 134 145 111 64 207 226 58 0 0 73 197 255 217 255 195 0 0 255 252 255 252 3 251 0 6 0 3 0 3 0 0 0 0 252 45 244 
170 175 225 36 20 134 145 107 64 207 226 51 0 0 73 197 255 217 255 195 0 0 255 252 255 252 3 251 0 6 0 3 0 3 0 0 0 0 252 45 233 
170 175 225 36 20 134 145 107 64 207 226 51 0 0 73 197 255 217 255 195 0 0 255 252 255 252 3 251 0 6 0 3 0 3 0 0 0 0 252 44 232 
170 175 225 36 20 134 145 107 64 207 226 51 0 0 73 197 255 217 255 195 0 0 255 252 255 252 3 251 0 6 0 3 0 3 0 0 0 0 252 43 231 
170 175 225 36 20 134 145 107 64 207 226 51 0 0 73 197 255 217 255 195 0 0 255 252 255 252 3 251 0 6 0 3 0 2 0 0 0 0 252 43 230 
170 175 225 36 20 134 145 107 64 207 226 51 0 0 73 197 255 217 255 195 0 0 255 252 255 252 3 251 0 6 0 3 0 2 0 0 0 0 252 43 230 
170 175 225 36 20 134 145 107 64 207 226 51 0 0 73 197 255 217 255 195 0 0 255 252 255 252 3 251 0 6 0 3 0 2 0 0 0 0 252 43 230 
170 175 225 36 20 134 145 107 64 207 226 51 0 0 73 197 255 217 255 195 0 0 255 252 255 252 3 251 0 6 0 3 0 2 0 0 0 0 252 43 230 
170 175 225 36 20 134 145 107 64 207 226 51 0 0 73 197 255 217 255 195 0 0 255 252 255 252 3 251 0 6 0 3 0 2 0 0 0 0 252 43 230 
170 175 225 36 20 134 145 107 64 207 226 51 0 0 73 197 255 217 255 195 0 0 255 253 255 252 3 251 0 6 0 3 0 3 0 0 0 0 252 43 232 
170 175 225 36 20 134 145 107 64 207 226 51 0 0 73 197 255 217 255 195 0 0 255 253 255 252 3 251 0 6 0 3 0 2 0 0 0 0 252 43 231 
170 175 225 36 20 134 145 107 64 207 226 51 0 0 73 197 255 217 255 195 0 0 255 253 255 252 3 251 0 6 0 3 0 2 0 0 0 0 252 43 231 
170 175 225 36 20 134 145 104 64 207 226 45 0 0 73 197 255 217 255 195 0 0 255 253 255 252 3 251 0 6 0 3 0 2 0 0 0 0 252 44 223 
170 175 225 36 20 134 145 104 64 207 226 45 0 0 73 197 255 217 255 195 0 0 255 253 255 252 3 251 0 6 0 3 0 2 0 0 0 0 252 44 223 
170 175 225 36 20 134 145 104 64 207 226 45 0 0 73 197 255 217 255 195 0 0 255 253 255 252 3 251 0 6 0 3 0 2 0 0 0 0 252 45 224 
170 175 225 36 20 134 145 104 64 207 226 45 0 0 73 197 255 217 255 195 0 0 255 253 255 252 3 251 0 6 0 3 0 2 0 0 0 0 252 45 224 
170 175 225 36 20 134 145 104 64 207 226 45 0 0 73 197 255 217 255 195 0 0 255 253 255 252 3 251 0 6 0 3 0 2 0 0 0 0 252 44 223 
170 175 225 36 20 134 145 104 64 207 226 45 0 0 73 197 255 217 255 195 0 0 255 253 255 252 3 251 0 6 0 3 0 2 0 0 0 0 252 44 223 
170 175 225 36 20 134 145 104 64 207 226 45 0 0 73 197 255 217 255 195 0 0 255 253 255 252 3 251 0 6 0 3 0 2 0 0 0 0 252 43 222 
170 175 225 36 20 134 145 104 64 207 226 45 0 0 73 197 255 217 255 195 0 0 255 253 255 252 3 251 0 6 0 3 0 2 0 0 0 0 252 43 222 
170 175 225 36 20 134 145 104 64 207 226 45 0 0 73 197 255 217 255 195 0 0 255 253 255 252 3 251 0 6 0 3 0 2 0 0 0 0 252 43 222 
170 175 225 36 20 134 145 104 64 207 226 45 0 0 73 197 255 217 255 195 0 0 255 253 255 252 3 251 0 6 0 3 0 2 0 0 0 0 252 43 222 
170 175 225 36 20 134 145 104 64 207 226 45 0 0 73 197 255 217 255 195 0 0 255 253 255 252 3 251 0 6 0 3 0 2 0 0 0 0 252 43 222 
170 175 225 36 20 134 145 100 64 207 226 38 0 0 73 197 255 217 255 195 0 0 255 253 255 252 3 251 0 6 0 3 0 2 0 0 0 0 252 43 211 
170 175 225 36 20 134 145 100 64 207 226 38 0 0 73 197 255 217 255 195 0 0 255 252 255 252 3 251 0 6 0 3 0 2 0 0 0 0 252 43 210 
170 175 225 36 20 134 145 100 64 207 226 38 0 0 73 197 255 217 255 195 0 0 255 252 255 252 3 251 0 6 0 3 0 2 0 0 0 0 252 43 210 
170 175 225 36 20 134 145 100 64 207 226 38 0 0 73 197 255 217 255 195 0 0 255 252 255 252 3 251 0 6 0 3 0 2 0 0 0 0 252 43 210 
170 175 225 36 20 134 145 100 64 207 226 38 0 0 73 197 255 217 255 195 0 0 255 252 255 252 3 251 0 6 0 3 0 2 0 0 0 0 252 43 210 
170 175 225 36 20 134 145 100 64 207 226 38 0 0 73 197 255 217 255 195 0 0 255 252 255 252 3 251 0 6 0 3 0 2 0 0 0 0 252 43 210 
170 175 225 36 20 134 145 100 64 207 226 38 0 0 73 197 255 217 255 195 0 0 255 252 255 252 3 251 0 6 0 3 0 2 0 0 0 0 252 43 210 
170 175 225 36 20 134 145 100 64 207 226 38 0 0 73 197 255 217 255 195 0 0 255 252 255 252 3 251 0 6 0 3 0 2 0 0 0 0 252 43 210 
170 175 225 36 20 134 145 100 64 207 226 38 0 0 73 197 255 217 255 195 0 0 255 252 255 252 3 251 0 6 0 3 0 2 0 0 0 0 252 43 210 
170 175 225 36 20 134 145 100 64 207 226 38 0 0 73 197 255 217 255 195 0 0 255 252 255 252 3 251 0 6 0 3 0 2 0 0 0 0 252 43 210 
170 175 225 36 20 134 145 100 64 207 226 38 0 0 73 197 255 217 255 195 0 0 255 252 255 252 3 251 0 6 0 3 0 2 0 0 0 0 252 43 210 
170 175 225 36 20 134 145 96 64 207 226 31 0 0 73 197 255 217 255 195 0 0 255 252 255 252 3 251 0 6 0 3 0 2 0 0 0 0 252 43 199 
170 175 225 36 20 134 145 96 64 207 226 31 0 0 73 197 255 217 255 195 0 0 255 252 255 252 3 251 0 6 0 3 0 2 0 0 0 0 252 43 199 
170 175 225 36 20 134 145 96 64 207 226 31 0 0 73 197 255 217 255 195 0 0 255 252 255 252 3 251 0 6 0 3 0 2 0 0 0 0 252 43 199 
170 175 225 36 20 134 145 96 64 207 226 31 0 0 73 197 255 217 255 195 0 0 255 252 255 252 3 251 0 6 0 3 0 2 0 0 0 0 252 43 199 
170 175 225 36 20 134 145 96 64 207 226 31 0 0 73 197 255 217 255 195 0 0 255 252 255 252 3 251 0 6 0 3 0 2 0 0 0 0 252 43 199 
170 175 225 36 20 134 145 96 64 207 226 31 0 0 73 197 255 217 255 195 0 0 255 252 255 252 3 251 0 6 0 3 0 2 0 0 0 0 252 43 199 
170 175 225 36 20 134 145 96 64 207 226 31 0 0 73 197 255 217 255 195 0 0 255 252 255 252 3 251 0 6 0 3 0 2 0 0 0 0 252 43 199 
170 175 225 36 20 134 145 96 64 207 226 31 0 0 73 197 255 217 255 195 0 0 255 252 255 252 3 251 0 6 0 3 0 2 0 0 0 0 252 44 200 
170 175 225 36 20 134 145 96 64 207 226 31 0 0 73 197 255 217 255 195 0 0 255 252 255 252 3 251 0 6 0 3 0 2 0 0 0 0 252 44 200 
170 175 225 36 20 134 145 96 64 207 226 31 0 0 73 197 255 217 255 195 0 0 255 252 255 252 3 251 0 6 0 3 0 2 0 0 0 0 252 44 200 
170 175 225 36 20 134 145 96 64 207 226 31 0 0 73 197 255 217 255 195 0 0 255 252 255 252 3 251 0 6 0 3 0 2 0 0 0 0 252 44 200 
170 175 225 36 20 134 145 93 64 207 226 25 0 0 73 197 255 217 255 195 0 0 255 252 255 252 3 251 0 6 0 3 0 2 0 0 0 0 252 43 190 
170 175 225 36 20 134 145 93 64 207 226 25 0 0 73 197 255 217 255 195 0 0 255 252 255 252 3 251 0 6 0 3 0 2 0 0 0 0 252 43 190 
170 175 225 36 20 134 145 93 64 207 226 25 0 0 73 197 255 217 255 196 0 0 255 252 255 252 3 251 0 6 0 3 0 2 0 0 0 0 252 43 191 
170 175 225 36 20 134 145 93 64 207 226 25 0 0 73 197 255 217 255 196 0 0 255 252 255 252 3 251 0 6 0 3 0 2 0 0 0 0 252 43 191 
170 175 225 36 20 134 145 93 64 207 226 25 0 0 73 197 255 217 255 196 0 0 255 252 255 252 3 251 0 6 0 3 0 2 0 0 0 0 252 43 191 
170 175 225 36 20 134 145 93 64 207 226 25 0 0 73 197 255 217 255 196 0 0 255 252 255 252 3 251 0 6 0 3 0 2 0 0 0 0 252 43 191 
170 175 225 36 20 134 145 93 64 207 226 25 0 0 73 197 255 217 255 196 0 0 255 252 255 252 3 251 0 6 0 3 0 2 0 0 0 0 252 43 191 
170 175 225 36 20 134 145 93 64 207 226 25 0 0 73 197 255 217 255 196 0 0 255 252 255 252 3 251 0 6 0 3 0 2 0 0 0 0 252 43 191 
170 175 225 36 20 134 145 93 64 207 226 25 0 0 73 197 255 217 255 196 0 0 255 252 255 252 3 251 0 6 0 3 0 2 0 0 0 0 252 43 191 
170 175 225 36 20 134 145 93 64 207 226 25 0 0 73 197 255 217 255 196 0 0 255 252 255 252 3 251 0 6 0 3 0 2 0 0 0 0 252 43 191 
170 175 225 36 20 134 145 93 64 207 226 25 0 0 73 197 255 217 255 196 0 0 255 252 255 252 3 251 0 6 0 3 0 2 0 0 0 0 252 43 191 
170 175 225 36 20 134 145 90 64 207 226 19 0 0 73 197 255 217 255 196 0 0 255 252 255 252 3 251 0 6 0 3 0 2 0 0 0 0 252 43 182 
170 175 225 36 20 134 145 90 64 207 226 19 0 0 73 197 255 217 255 196 0 0 255 252 255 252 3 251 0 6 0 3 0 2 0 0 0 0 252 44 183 
170 175 225 36 20 134 145 90 64 207 226 19 0 0 73 197 255 217 255 196 0 0 255 252 255 252 3 251 0 6 0 3 0 2 0 0 0 0 252 44 183 
170 175 225 36 20 134 145 90 64 207 226 19 0 0 73 197 255 217 255 196 0 0 255 252 255 252 3 251 0 7 0 3 0 2 0 0 0 0 252 44 184 
170 175 225 36 20 134 145 90 64 207 226 19 0 0 73 197 255 217 255 196 0 0 255 252 255 252 3 251 0 7 0 3 0 2 0 0 0 0 252 45 185 
170 175 225 36 20 134 145 90 64 207 226 19 0 0 73 197 255 217 255 196 0 0 255 252 255 252 3 251 0 7 0 3 0 2 0 0 0 0 252 44 184 
170 175 225 36 20 134 145 90 64 207 226 19 0 0 73 197 255 217 255 196 0 0 255 252 255 252 3 251 0 7 0 3 0 2 0 0 0 0 252 43 183 
170 175 225 36 20 134 145 90 64 207 226 19 0 0 73 197 255 217 255 196 0 0 255 252 255 252 3 251 0 7 0 3 0 2 0 0 0 0 252 43 183 
170 175 225 36 20 134 145 90 64 207 226 19 0 0 73 197 255 217 255 196 0 0 255 252 255 252 3 251 0 7 0 3 0 2 0 0 0 0 252 43 183 
170 175 225 36 20 134 145 90 64 207 226 19 0 0 73 197 255 217 255 196 0 0 255 252 255 252 3 251 0 7 0 3 0 2 0 0 0 0 252 43 183 
170 175 225 36 20 134 145 86 64 207 226 12 0 0 73 197 255 217 255 196 0 0 255 252 255 252 3 251 0 7 0 3 0 2 0 0 0 0 252 43 172 
170 175 225 36 20 134 145 86 64 207 226 12 0 0 73 197 255 217 255 196 0 0 255 252 255 252 3 251 0 7 0 3 0 2 0 0 0 0 252 43 172 
170 175 225 36 20 134 145 86 64 207 226 12 0 0 73 197 255 217 255 196 0 0 255 252 255 252 3 251 0 7 0 3 0 2 0 0 0 0 252 43 172 
170 175 225 36 20 134 145 86 64 207 226 12 0 0 73 197 255 217 255 196 0 0 255 252 255 252 3 251 0 7 0 3 0 2 0 0 0 0 252 43 172 
170 175 225 36 20 134 145 86 64 207 226 12 0 0 73 197 255 217 255 196 0 0 255 252 255 252 3 251 0 7 0 3 0 2 0 0 0 0 252 43 172 
170 175 225 36 20 134 145 86 64 207 226 12 0 0 73 197 255 217 255 196 0 0 255 252 255 252 3 251 0 7 0 4 0 2 0 0 0 0 252 43 173 
170 175 225 36 20 134 145 86 64 207 226 12 0 0 73 197 255 217 255 196 0 0 255 252 255 252 3 251 0 7 0 4 0 2 0 0 0 0 252 44 174 
170 175 225 36 20 134 145 86 64 207 226 12 0 0 73 197 255 217 255 196 0 0 255 253 255 252 3 251 0 7 0 4 0 2 0 0 0 0 252 44 175 
170 175 225 36 20 134 145 86 64 207 226 12 0 0 73 197 255 217 255 196 0 0 255 253 255 252 3 251 0 6 0 4 0 2 0 0 0 0 252 44 174 
170 175 225 36 20 134 145 86 64 207 226 12 0 0 73 197 255 217 255 196 0 0 255 253 255 252 3 251 0 7 0 4 0 2 0 0 0 0 252 45 176 
170 175 225 36 20 134 145 86 64 207 226 12 0 0 73 197 255 217 255 196 0 0 255 253 255 252 3 251 0 7 0 4 0 2 0 0 0 0 252 45 176 
170 175 225 36 20 134 145 83 64 207 226 6 0 0 73 197 255 217 255 196 0 0 255 253 255 252 3 251 0 7 0 4 0 2 0 0 0 0 252 44 166 
170 175 225 36 20 134 145 83 64 207 226 6 0 0 73 197 255 217 255 196 0 0 255 253 255 252 3 251 0 6 0 5 0 2 0 0 0 0 252 43 165 
170 175 225 36 20 134 145 83 64 207 226 6 0 0 73 197 255 217 255 196 0 0 255 253 255 253 3 251 0 6 0 5 0 2 0 0 0 0 252 43 166 
170 175 225 36 20 134 145 83 64 207 226 6 0 0 73 197 255 217 255 196 0 0 255 253 255 253 3 251 0 6 0 5 0 2 0 0 0 0 252 43 166 
170 175 225 36 20 134 145 83 64 207 226 6 0 0 73 197 255 217 255 196 0 0 255 253 255 253 3 251 0 6 0 5 0 2 0 0 0 0 252 43 166 
170 175 225 36 20 134 145 83 64 207 226 6 0 0 73 197 255 217 255 196 0 0 255 253 255 253 3 251 0 6 0 5 0 2 0 0 0 0 252 43 166 
170 175 225 36 20 134 145 83 64 207 226 6 0 0 73 197 255 217 255 196 0 0 255 253 255 253 3 251 0 6 0 5 0 2 0 0 0 0 252 43 166 
170 175 225 36 20 134 145 83 64 207 226 6 0 0 73 197 255 217 255 196 0 0 255 253 255 253 3 251 0 6 0 5 0 2 0 0 0 0 252 43 166 
170 175 225 36 20 134 145 83 64 207 226 6 0 0 73 197 255 217 255 196 0 0 255 253 255 253 3 251 0 6 0 5 0 2 0 0 0 0 252 43 166 
170 175 225 36 20 134 145 83 64 207 226 6 0 0 73 197 255 217 255 196 0 0 255 253 255 253 3 251 0 6 0 5 0 2 0 0 0 0 252 43 166 
170 175 225 36 20 134 145 83 64 207 226 6 0 0 73 197 255 217 255 196 0 0 255 253 255 254 3 251 0 6 0 4 0 2 0 0 0 0 252 43 166 
170 175 225 36 20 134 145 79 64 207 226 0 0 0 73 197 255 217 255 196 0 0 255 253 255 254 3 251 0 7 0 4 0 2 0 0 0 0 252 44 158 
170 175 225 36 20 134 145 79 64 207 226 0 0 0 73 197 255 217 255 196 0 0 255 253 255 254 3 251 0 7 0 4 0 2 0 0 0 0 252 44 158 
170 175 225 36 20 134 145 79 64 207 226 0 0 0 73 197 255 217 255 196 0 0 255 254 255 254 3 251 0 7 0 4 0 1 0 0 0 0 252 44 158 
170 175 225 36 20 134 145 79 64 207 226 0 0 0 73 197 255 217 255 196 0 0 255 254 255 254 3 251 0 7 0 4 0 2 0 0 0 0 252 44 159 
170 175 225 36 20 134 145 79 64 207 226 0 0 0 73 197 255 217 255 196 0 0 255 254 255 254 3 251 0 7 0 3 0 2 0 0 0 0 252 44 158 
170 175 225 36 20 134 145 79 64 207 226 0 0 0 73 197 255 217 255 196 0 0 255 254 255 254 3 251 0 7 0 3 0 2 0 0 0 0 252 44 158 
170 175 225 36 20 134 145 79 64 207 226 0 0 0 73 197 255 217 255 196 0 0 255 254 255 254 3 251 0 6 0 3 0 2 0 0 0 0 252 44 157 
170 175 225 36 20 134 145 79 64 207 226 0 0 0 73 197 255 217 255 196 0 0 255 254 255 254 3 251 0 6 0 3 0 2 0 0 0 0 252 43 156 
170 175 225 36 20 134 145 79 64 207 226 0 0 0 73 197 255 217 255 196 0 0 255 254 255 254 3 251 0 6 0 3 0 2 0 0 0 0 252 43 156 
170 175 225 36 20 134 145 79 64 207 226 0 0 0 73 197 255 217 255 196 0 0 255 254 255 254 3 251 0 6 0 3 0 2 0 0 0 0 252 43 156 
170 175 225 36 20 134 145 76 64 207 225 249 0 0 73 197 255 217 255 196 0 0 255 254 255 254 3 251 0 6 0 3 0 2 0 0 0 0 252 43 145 
170 175 225 36 20 134 145 76 64 207 225 249 0 0 73 197 255 217 255 196 0 0 255 254 255 254 3 251 0 6 0 3 0 2 0 0 0 0 252 43 145 
170 175 225 36 20 134 145 76 64 207 225 249 0 0 73 197 255 217 255 196 0 0 255 254 255 254 3 251 0 6 0 3 0 2 0 0 0 0 252 43 145 
170 175 225 36 20 134 145 76 64 207 225 249 0 0 73 197 255 217 255 196 0 0 255 254 255 254 3 251 0 6 0 3 0 2 0 0 0 0 252 43 145 
170 175 225 36 20 134 145 76 64 207 225 249 0 0 73 197 255 217 255 196 0 0 255 254 255 254 3 251 0 6 0 3 0 2 0 0 0 0 252 43 145 
170 175 225 36 20 134 145 76 64 207 225 249 0 0 73 197 255 217 255 196 0 0 255 254 255 254 3 251 0 6 0 3 0 2 0 0 0 0 252 43 145 
170 175 225 36 20 134 145 76 64 207 225 249 0 0 73 197 255 217 255 196 0 0 255 254 255 254 3 251 0 6 0 3 0 2 0 0 0 0 252 43 145 
170 175 225 36 20 134 145 76 64 207 225 249 0 0 73 197 255 217 255 196 0 0 255 254 255 254 3 251 0 6 0 3 0 2 0 0 0 0 252 44 146 
170 175 225 36 20 134 145 76 64 207 225 249 0 0 73 197 255 217 255 196 0 0 255 254 255 254 3 251 0 6 0 3 0 2 0 0 0 0 252 44 146 
170 175 225 36 20 134 145 76 64 207 225 249 0 0 73 197 255 217 255 196 0 0 255 254 255 254 3 251 0 6 0 3 0 2 0 0 0 0 252 45 147 
170 175 225 36 20 134 145 76 64 207 225 249 0 0 73 197 255 217 255 196 0 0 255 254 255 254 3 251 0 6 0 3 0 2 0 0 0 0 252 45 147 
170 175 225 36 20 134 145 72 64 207 225 242 0 0 73 197 255 217 255 196 0 0 255 254 255 254 3 251 0 6 0 3 0 2 0 0 0 0 252 45 136 
170 175 225 36 20 134 145 72 64 207 225 242 0 0 73 197 255 217 255 196 0 0 255 254 255 254 3 251 0 6 0 3 0 2 0 0 0 0 252 44 135 
170 175 225 36 20 134 145 72 64 207 225 242 0 0 73 197 255 217 255 196 0 0 255 254 255 254 3 251 0 6 0 3 0 2 0 0 0 0 252 44 135 
170 175 225 36 20 134 145 72 64 207 225 242 0 0 73 197 255 217 255 196 0 0 255 254 255 254 3 251 0 6 0 3 0 2 0 0 0 0 252 43 134 
170 175 225 36 20 134 145 72 64 207 225 242 0 0 73 197 255 217 255 196 0 0 255 254 255 254 3 251 0 6 0 3 0 2 0 0 0 0 252 43 134 
170 175 225 36 20 134 145 72 64 207 225 242 0 0 73 197 255 217 255 196 0 0 255 254 255 254 3 251 0 6 0 3 0 2 0 0 0 0 252 43 134 
170 175 225 36 20 134 145 72 64 207 225 242 0 0 73 197 255 217 255 196 0 0 255 254 255 254 3 251 0 6 0 3 0 2 0 0 0 0 252 43 134 
170 175 225 36 20 134 145 72 64 207 225 242 0 0 73 197 255 217 255 196 0 0 255 254 255 254 3 251 0 6 0 3 0 2 0 0 0 0 252 43 134 
170 175 225 36 20 134 145 72 64 207 225 242 0 0 73 197 255 217 255 196 0 0 255 254 255 254 3 251 0 6 0 3 0 2 0 0 0 0 252 43 134 
170 175 225 36 20 134 145 72 64 207 225 242 0 0 73 197 255 217 255 196 0 0 255 254 255 254 3 251 0 6 0 3 0 2 0 0 0 0 252 43 134 
170 175 225 36 20 134 145 69 64 207 225 236 0 0 73 197 255 217 255 196 0 0 255 254 255 254 3 251 0 6 0 3 0 2 0 0 0 0 252 43 125 
170 175 225 36 20 134 145 69 64 207 225 236 0 0 73 197 255 217 255 196 0 0 255 254 255 254 3 251 0 6 0 3 0 2 0 0 0 0 252 43 125 
170 175 225 36 20 134 145 69 64 207 225 236 0 0 73 197 255 217 255 196 0 0 255 254 255 254 3 251 0 6 0 3 0 2 0 0 0 0 252 44 126 
170 175 225 36 20 134 145 69 64 207 225 236 0 0 73 197 255 217 255 196 0 0 255 254 255 254 3 251 0 6 0 3 0 2 0 0 0 0 252 44 126 
170 175 225 36 20 134 145 69 64 207 225 236 0 0 73 197 255 217 255 196 0 0 255 254 255 254 3 251 0 6 0 3 0 2 0 0 0 0 252 45 127 
170 175 225 36 20 134 145 69 64 207 225 236 0 0 73 197 255 217 255 196 0 0 255 254 255 254 3 251 0 6 0 3 0 2 0 0 0 0 252 45 127 
170 175 225 36 20 134 145 69 64 207 225 236 0 0 73 197 255 217 255 196 0 0 255 254 255 254 3 251 0 6 0 3 0 2 0 0 0 0 252 45 127 
170 175 225 36 20 134 145 69 64 207 225 236 0 0 73 197 255 217 255 196 0 0 255 254 255 254 3 251 0 6 0 3 0 2 0 0 0 0 252 45 127 
170 175 225 36 20 134 145 69 64 207 225 236 0 0 73 197 255 217 255 196 0 0 255 254 255 253 3 251 0 6 0 3 0 2 0 0 0 0 252 45 126 
170 175 225 36 20 134 145 69 64 207 225 236 0 0 73 197 255 217 255 196 0 0 255 254 255 253 3 251 0 6 0 3 0 2 0 0 0 0 252 44 125 
170 175 225 36 20 134 145 69 64 207 225 236 0 0 73 197 255 217 255 196 0 0 255 254 255 253 3 251 0 6 0 3 0 2 0 0 0 0 252 43 124 
170 175 225 36 20 134 145 66 64 207 225 230 0 0 73 197 255 217 255 196 0 0 255 255 255 253 3 251 0 6 0 3 0 2 0 0 0 0 252 43 116 
170 175 225 36 20 134 145 66 64 207 225 230 0 0 73 197 255 217 255 196 0 0 255 255 255 253 3 251 0 6 0 3 0 2 0 0 0 0 252 43 116 
170 175 225 36 20 134 145 66 64 207 225 230 0 0 73 197 255 217 255 196 0 0 255 255 255 253 3 251 0 6 0 3 0 2 0 0 0 0 252 43 116 
170 175 225 36 20 134 145 66 64 207 225 230 0 0 73 197 255 217 255 196 0 0 255 255 255 253 3 251 0 6 0 3 0 2 0 0 0 0 252 43 116 
170 175 225 36 20 134 145 66 64 207 225 230 0 0 73 197 255 217 255 196 0 0 255 255 255 253 3 251 0 6 0 3 0 2 0 0 0 0 252 43 116 
170 175 225 36 20 134 145 66 64 207 225 230 0 0 73 197 255 217 255 196 0 0 255 255 255 253 3 251 0 6 0 3 0 2 0 0 0 0 252 43 116 
170 175 225 36 20 134 145 66 64 207 225 230 0 0 73 197 255 217 255 196 0 0 255 255 255 253 3 251 0 6 0 3 0 2 0 0 0 0 252 43 116 
170 175 225 36 20 134 145 66 64 207 225 230 0 0 73 197 255 217 255 196 0 0 255 255 255 253 3 251 0 6 0 3 0 2 0 0 0 0 252 44 117 
170 175 225 36 20 134 145 66 64 207 225 230 0 0 73 197 255 217 255 196 0 0 255 255 255 253 3 251 0 6 0 3 0 2 0 0 0 0 252 44 117 
170 175 225 36 20 134 145 66 64 207 225 230 0 0 73 197 255 217 255 196 0 0 255 255 255 253 3 251 0 6 0 3 0 2 0 0 0 0 252 45 118 
170 175 225 36 20 134 145 62 64 207 225 224 0 0 73 197 255 217 255 196 0 0 255 255 255 253 3 251 0 6 0 3 0 2 0 0 0 0 252 45 108 
170 175 225 36 20 134 145 62 64 207 225 224 0 0 73 197 255 217 255 196 0 0 255 255 255 253 3 251 0 5 0 3 0 2 0 0 0 0 252 45 107 
170 175 225 36 20 134 145 62 64 207 225 224 0 0 73 197 255 217 255 196 0 0 255 254 255 253 3 251 0 5 0 3 0 2 0 0 0 0 252 45 106 
170 175 225 36 20 134 145 62 64 207 225 224 0 0 73 197 255 217 255 196 0 0 255 254 255 253 3 251 0 5 0 3 0 2 0 0 0 0 252 44 105 
170 175 225 36 20 134 145 62 64 207 225 224 0 0 73 197 255 217 255 196 0 0 255 254 255 253 3 251 0 5 0 3 0 2 0 0 0 0 252 43 104 
170 175 225 36 20 134 145 62 64 207 225 224 0 0 73 197 255 217 255 196 0 0 255 254 255 253 3 251 0 5 0 3 0 2 0 0 0 0 252 43 104 
170 175 225 36 20 134 145 62 64 207 225 224 0 0 73 197 255 217 255 196 0 0 255 254 255 253 3 251 0 5 0 3 0 2 0 0 0 0 252 43 104 
170 175 225 36 20 134 145 62 64 207 225 224 0 0 73 197 255 217 255 196 0 0 255 254 255 253 3 251 0 5 0 4 0 2 0 0 0 0 252 43 105 
170 175 225 36 20 134 145 62 64 207 225 224 0 0 73 197 255 217 255 196 0 0 255 254 255 253 3 251 0 5 0 4 0 2 0 0 0 0 252 43 105 
170 175 225 36 20 134 145 62 64 207 225 224 0 0 73 197 255 217 255 196 0 0 255 254 255 253 3 251 0 5 0 4 0 2 0 0 0 0 252 43 105 
170 175 225 36 20 134 145 62 64 207 225 224 0 0 73 197 255 217 255 196 0 0 255 253 255 253 3 251 0 5 0 4 0 2 0 0 0 0 252 43 104 
170 175 225 36 20 134 145 59 64 207 225 217 0 0 73 197 255 217 255 196 0 0 255 253 255 254 3 251 0 5 0 4 0 3 0 0 0 0 252 44 97 
170 175 225 36 20 134 145 59 64 207 225 217 0 0 73 197 255 217 255 196 0 0 255 253 255 254 3 251 0 5 0 4 0 3 0 0 0 0 252 44 97 
170 175 225 36 20 134 145 59 64 207 225 217 0 0 73 197 255 217 255 196 0 0 255 253 255 254 3 251 0 5 0 4 0 3 0 0 0 0 252 44 97 
170 175 225 36 20 134 145 59 64 207 225 217 0 0 73 197 255 217 255 196 0 0 255 253 255 254 3 251 0 6 0 4 0 3 0 0 0 0 252 44 98 
170 175 225 36 20 134 145 59 64 207 225 217 0 0 73 197 255 217 255 196 0 0 255 253 255 254 3 251 0 6 0 4 0 3 0 0 0 0 252 44 98 
170 175 225 36 20 134 145 59 64 207 225 217 0 0 73 197 255 217 255 196 0 0 255 253 255 254 3 251 0 6 0 4 0 3 0 0 0 0 252 44 98 
170 175 225 36 20 134 145 59 64 207 225 217 0 0 73 197 255 217 255 196 0 0 255 253 255 254 3 251 0 6 0 4 0 3 0 0 0 0 252 44 98 
170 175 225 36 20 134 145 59 64 207 225 217 0 0 73 197 255 218 255 196 0 0 255 253 255 254 3 251 0 6 0 4 0 3 0 0 0 0 252 44 99 
170 175 225 36 20 134 145 59 64 207 225 217 0 0 73 197 255 218 255 196 0 0 255 253 255 254 3 251 0 6 0 4 0 3 0 0 0 0 252 43 98 
170 175 225 36 20 134 145 59 64 207 225 217 0 0 73 197 255 218 255 196 0 0 255 253 255 254 3 251 0 6 0 4 0 3 0 0 0 0 252 43 98 
170 175 225 36 20 134 145 56 64 207 225 211 0 0 73 197 255 218 255 196 0 0 255 253 255 254 3 251 0 6 0 4 0 3 0 0 0 0 252 43 89 
170 175 225 36 20 134 145 56 64 207 225 211 0 0 73 197 255 218 255 196 0 0 255 253 255 254 3 251 0 6 0 4 0 3 0 0 0 0 252 43 89 
170 175 225 36 20 134 145 56 64 207 225 211 0 0 73 197 255 218 255 196 0 0 255 253 255 254 3 251 0 6 0 4 0 3 0 0 0 0 252 43 89 
170 175 225 36 20 134 145 56 64 207 225 211 0 0 73 197 255 218 255 196 0 0 255 253 255 254 3 251 0 6 0 4 0 3 0 0 0 0 252 43 89 
170 175 225 36 20 134 145 56 64 207 225 211 0 0 73 197 255 218 255 196 0 0 255 253 255 254 3 251 0 6 0 4 0 3 0 0 0 0 252 43 89 
170 175 225 36 20 134 145 56 64 207 225 211 0 0 73 197 255 218 255 196 0 0 255 253 255 254 3 251 0 6 0 4 0 3 0 0 0 0 252 43 89 
170 175 225 36 20 134 145 56 64 207 225 211 0 0 73 197 255 218 255 196 0 0 255 253 255 254 3 251 0 6 0 3 0 3 0 0 0 0 252 44 89 
170 175 225 36 20 134 145 56 64 207 225 211 0 0 73 197 255 218 255 196 0 0 255 253 255 254 3 251 0 6 0 3 0 3 0 0 0 0 252 44 89 
170 175 225 36 20 134 145 56 64 207 225 211 0 0 73 197 255 218 255 196 0 0 255 253 255 254 3 251 0 6 0 3 0 3 0 0 0 0 252 45 90 
170 175 225 36 20 134 145 56 64 207 225 211 0 0 73 197 255 218 255 196 0 0 255 253 255 254 3 251 0 7 0 3 0 3 0 0 0 0 252 45 91 
170 175 225 36 20 134 145 56 64 207 225 211 0 0 73 197 255 218 255 196 0 0 255 254 255 254 3 251 0 7 0 3 0 3 0 0 0 0 252 45 92 
170 175 225 36 20 134 145 52 64 207 225 205 0 0 73 197 255 218 255 196 0 0 255 254 255 254 3 251 0 6 0 3 0 3 0 0 0 0 252 45 81 
170 175 225 36 20 134 145 52 64 207 225 205 0 0 73 197 255 218 255 196 0 0 255 254 255 254 3 251 0 6 0 3 0 3 0 0 0 0 252 44 80 
170 175 225 36 20 134 145 52 64 207 225 205 0 0 73 197 255 218 255 196 0 0 255 254 255 254 3 251 0 6 0 3 0 3 0 0 0 0 252 43 79 
170 175 225 36 20 134 145 52 64 207 225 205 0 0 73 197 255 218 255 196 0 0 255 254 255 254 3 251 0 6 0 3 0 3 0 0 0 0 252 43 79 
170 175 225 36 20 134 145 52 64 207 225 205 0 0 73 197 255 218 255 196 0 0 255 254 255 254 3 251 0 6 0 3 0 3 0 0 0 0 252 43 79 
170 175 225 36 20 134 145 52 64 207 225 205 0 0 73 197 255 218 255 196 0 0 255 254 255 254 3 251 0 6 0 3 0 3 0 0 0 0 252 43 79 
170 175 225 36 20 134 145 52 64 207 225 205 0 0 73 197 255 218 255 196 0 0 255 254 255 254 3 251 0 6 0 3 0 3 0 0 0 0 252 43 79 
170 175 225 36 20 134 145 52 64 207 225 205 0 0 73 197 255 218 255 196 0 0 255 254 255 254 3 251 0 6 0 3 0 3 0 0 0 0 252 43 79 
170 175 225 36 20 134 145 52 64 207 225 205 0 0 73 197 255 218 255 196 0 0 255 254 255 254 3 251 0 6 0 3 0 3 0 0 0 0 252 43 79 
170 175 225 36 20 134 145 52 64 207 225 205 0 0 73 197 255 218 255 196 0 0 255 254 255 254 3 251 0 6 0 3 0 3 0 0 0 0 252 43 79 
170 175 225 36 20 134 145 52 64 207 225 205 0 0 73 197 255 218 255 196 0 0 255 254 255 254 3 251 0 6 0 3 0 3 0 0 0 0 252 44 80 
170 175 225 36 20 134 145 49 64 207 225 198 0 0 73 197 255 218 255 196 0 0 255 254 255 254 3 251 0 6 0 3 0 3 0 0 0 0 252 44 70 
170 175 225 36 20 134 145 49 64 207 225 198 0 0 73 197 255 218 255 196 0 0 255 254 255 254 3 251 0 6 0 3 0 3 0 0 0 0 252 44 70 
170 175 225 36 20 134 145 49 64 207 225 198 0 0 73 197 255 218 255 196 0 0 255 254 255 254 3 251 0 6 0 3 0 3 0 0 0 0 252 44 70 
170 175 225 36 20 134 145 49 64 207 225 198 0 0 73 197 255 218 255 196 0 0 255 254 255 254 3 251 0 6 0 3 0 3 0 0 0 0 252 44 70 
170 175 225 36 20 134 145 49 64 207 225 198 0 0 73 197 255 218 255 196 0 0 255 254 255 254 3 251 0 6 0 3 0 3 0 0 0 0 252 43 69 
170 175 225 36 20 134 145 49 64 207 225 198 0 0 73 197 255 218 255 196 0 0 255 254 255 254 3 251 0 6 0 3 0 3 0 0 0 0 252 43 69 
170 175 225 36 20 134 145 49 64 207 225 198 0 0 73 197 255 218 255 196 0 0 255 254 255 254 3 251 0 6 0 3 0 3 0 0 0 0 252 43 69 
170 175 225 36 20 134 145 49 64 207 225 198 0 0 73 197 255 218 255 196 0 0 255 254 255 254 3 251 0 6 0 3 0 3 0 0 0 0 252 43 69 
170 175 225 36 20 134 145 49 64 207 225 198 0 0 73 197 255 218 255 196 0 0 255 254 255 254 3 251 0 6 0 3 0 3 0 0 0 0 252 43 69 
170 175 225 36 20 134 145 49 64 207 225 198 0 0 73 197 255 218 255 196 0 0 255 254 255 254 3 251 0 6 0 3 0 3 0 0 0 0 252 43 69 
170 175 225 36 20 134 145 49 64 207 225 198 0 0 73 197 255 218 255 196 0 0 255 254 255 254 3 251 0 6 0 3 0 3 0 0 0 0 252 43 69 
170 175 225 36 20 134 145 45 64 207 225 192 0 0 73 197 255 218 255 196 0 0 255 254 255 254 3 251 0 6 0 3 0 3 0 0 0 0 252 43 59 
170 175 225 36 20 134 145 45 64 207 225 192 0 0 73 197 255 218 255 196 0 0 255 254 255 254 3 251 0 6 0 3 0 3 0 0 0 0 252 44 60 
170 175 225 36 20 134 145 45 64 207 225 192 0 0 73 197 255 218 255 196 0 0 255 254 255 254 3 251 0 6 0 3 0 3 0 0 0 0 252 45 61 
170 175 225 36 20 134 145 45 64 207 225 192 0 0 73 197 255 218 255 196 0 0 255 254 255 254 3 251 0 6 0 3 0 3 0 0 0 0 252 46 62 
170 175 225 36 20 134 145 45 64 207 225 192 0 0 73 197 255 218 255 196 0 0 255 254 255 254 3 251 0 5 0 3 0 3 0 0 0 0 252 46 61 
170 175 225 36 20 134 145 45 64 207 225 192 0 0 73 197 255 218 255 196 0 0 255 254 255 254 3 251 0 6 0 3 0 3 0 0 0 0 252 46 62 
170 175 225 36 20 134 145 45 64 207 225 192 0 0 73 197 255 218 255 196 0 0 255 254 255 254 3 251 0 6 0 3 0 3 0 0 0 0 252 44 60 
170 175 225 36 20 134 145 45 64 207 225 192 0 0 73 197 255 218 255 196 0 0 255 253 255 254 3 251 0 6 0 3 0 3 0 0 0 0 252 43 58 
170 175 225 36 20 134 145 45 64 207 225 192 0 0 73 197 255 218 255 196 0 0 255 253 255 253 3 251 0 6 0 3 0 3 0 0 0 0 252 43 57 
170 175 225 36 20 134 145 45 64 207 225 192 0 0 73 197 255 218 255 196 0 0 255 253 255 253 3 251 0 6 0 3 0 3 0 0 0 0 252 43 57 
170 175 225 36 20 134 145 45 64 207 225 192 0 0 73 197 255 218 255 196 0 0 255 253 255 253 3 251 0 6 0 3 0 3 0 0 0 0 252 43 57 
170 175 225 36 20 134 145 45 64 207 225 192 0 0 73 197 255 218 255 196 0 0 255 253 255 253 3 251 0 6 0 3 0 3 0 0 0 0 252 43 57 
170 175 225 36 20 134 145 42 64 207 225 185 0 0 73 197 255 218 255 196 0 0 255 253 255 253 3 251 0 6 0 3 0 3 0 0 0 0 252 43 47 
170 175 225 36 20 134 145 42 64 207 225 185 0 0 73 197 255 218 255 196 0 0 255 253 255 253 3 251 0 6 0 3 0 3 0 0 0 0 252 43 47 
170 175 225 36 20 134 145 42 64 207 225 185 0 0 73 197 255 218 255 196 0 0 255 253 255 253 3 251 0 6 0 3 0 3 0 0 0 0 252 43 47 
170 175 225 36 20 134 145 42 64 207 225 185 0 0 73 197 255 218 255 196 0 0 255 253 255 253 3 251 0 6 0 3 0 3 0 0 0 0 252 43 47 
170 175 225 36 20 134 145 42 64 207 225 185 0 0 73 197 255 218 255 196 0 0 255 253 255 253 3 251 0 6 0 3 0 3 0 0 0 0 252 43 47 
170 175 225 36 20 134 145 42 64 207 225 185 0 0 73 197 255 218 255 196 0 0 255 253 255 253 3 251 0 6 0 3 0 3 0 0 0 0 252 43 47 
170 175 225 36 20 134 145 42 64 207 225 185 0 0 73 197 255 218 255 197 0 0 255 253 255 253 3 251 0 6 0 3 0 3 0 0 0 0 252 44 49 
170 175 225 36 20 134 145 42 64 207 225 185 0 0 73 197 255 218 255 197 0 0 255 253 255 253 3 251 0 6 0 3 0 3 0 0 0 0 252 45 50 
170 175 225 36 20 134 145 42 64 207 225 185 0 0 73 197 255 218 255 197 0 0 255 253 255 253 3 251 0 6 0 3 0 3 0 0 0 0 252 45 50 
170 175 225 36 20 134 145 42 64 207 225 185 0 0 73 197 255 218 255 197 0 0 255 253 255 253 3 251 0 5 0 3 0 3 0 0 0 0 252 45 49 
170 175 225 36 20 134 145 42 64 207 225 185 0 0 73 197 255 218 255 197 0 0 255 253 255 253 3 251 0 6 0 3 0 3 0 0 0 0 252 44 49 
170 175 225 36 20 134 145 38 64 207 225 179 0 0 73 197 255 218 255 197 0 0 255 253 255 253 3 251 0 6 0 2 0 3 0 0 0 0 252 44 38 
170 175 225 36 20 134 145 38 64 207 225 179 0 0 73 197 255 218 255 197 0 0 255 253 255 253 3 251 0 6 0 2 0 3 0 0 0 0 252 43 37 
170 175 225 36 20 134 145 38 64 207 225 179 0 0 73 197 255 218 255 197 0 0 255 253 255 253 3 252 0 6 0 2 0 3 0 0 0 0 252 43 38 
170 175 225 36 20 134 145 38 64 207 225 179 0 0 73 197 255 218 255 197 0 0 255 253 255 253 3 252 0 6 0 2 0 3 0 0 0 0 252 43 38 
170 175 225 36 20 134 145 38 64 207 225 179 0 0 73 197 255 218 255 197 0 0 255 253 255 253 3 252 0 6 0 2 0 3 0 0 0 0 252 43 38 
170 175 225 36 20 134 145 38 64 207 225 179 0 0 73 197 255 218 255 197 0 0 255 252 255 253 3 252 0 6 0 2 0 3 0 0 0 0 252 43 37 
170 175 225 36 20 134 145 38 64 207 225 179 0 0 73 197 255 218 255 197 0 0 255 252 255 252 3 252 0 6 0 2 0 3 0 0 0 0 252 43 36 
170 175 225 36 20 134 145 38 64 207 225 179 0 0 73 197 255 218 255 197 0 0 255 252 255 252 3 252 0 6 0 2 0 3 0 0 0 0 252 43 36 
170 175 225 36 20 134 145 38 64 207 225 179 0 0 73 197 255 218 255 197 0 0 255 252 255 252 3 252 0 6 0 2 0 3 0 0 0 0 252 43 36 
170 175 225 36 20 134 145 35 64 207 225 173 0 0 73 197 255 218 255 197 0 0 255 252 255 252 3 252 0 6 0 3 0 2 0 0 0 0 252 44 28 
170 175 225 36 20 134 145 35 64 207 225 173 0 0 73 197 255 218 255 197 0 0 255 252 255 252 3 252 0 6 0 3 0 3 0 0 0 0 252 44 29 
170 175 225 36 20 134 145 35 64 207 225 173 0 0 73 197 255 218 255 197 0 0 255 252 255 252 3 252 0 6 0 3 0 2 0 0 0 0 252 44 28 
170 175 225 36 20 134 145 35 64 207 225 173 0 0 73 197 255 218 255 197 0 0 255 252 255 252 3 252 0 6 0 3 0 2 0 0 0 0 252 45 29 
170 175 225 36 20 134 145 35 64 207 225 173 0 0 73 197 255 218 255 197 0 0 255 252 255 252 3 252 0 6 0 3 0 2 0 0 0 0 252 45 29 
170 175 225 36 20 134 145 35 64 207 225 173 0 0 73 197 255 218 255 197 0 0 255 252 255 252 3 252 0 6 0 3 0 2 0 0 0 0 252 44 28 
170 175 225 36 20 134 145 35 64 207 225 173 0 0 73 197 255 218 255 197 0 0 255 252 255 252 3 252 0 6 0 4 0 2 0 0 0 0 252 44 29 
170 175 225 36 20 134 145 35 64 207 225 173 0 0 73 197 255 218 255 197 0 0 255 252 255 252 3 252 0 6 0 4 0 2 0 0 0 0 252 44 29 
170 175 225 36 20 134 145 35 64 207 225 173 0 0 73 197 255 218 255 197 0 0 255 252 255 252 3 252 0 6 0 4 0 2 0 0 0 0 252 44 29 
170 175 225 36 20 134 145 35 64 207 225 173 0 0 73 197 255 218 255 197 0 0 255 252 255 252 3 252 0 6 0 4 0 2 0 0 0 0 252 44 29 
170 175 225 36 20 134 145 32 64 207 225 167 0 0 73 197 255 218 255 197 0 0 255 253 255 252 3 252 0 6 0 4 0 1 0 0 0 0 252 44 20 
170 175 225 36 20 134 145 32 64 207 225 167 0 0 73 197 255 218 255 197 0 0 255 253 255 252 3 252 0 6 0 4 0 2 0 0 0 0 252 44 21 
170 175 225 36 20 134 145 32 64 207 225 167 0 0 73 197 255 218 255 197 0 0 255 253 255 252 3 252 0 6 0 4 0 2 0 0 0 0 252 44 21 
170 175 225 36 20 134 145 32 64 207 225 167 0 0 73 197 255 218 255 197 0 0 255 253 255 252 3 252 0 6 0 4 0 2 0 0 0 0 252 44 21 
170 175 225 36 20 134 145 32 64 207 225 167 0 0 73 197 255 218 255 197 0 0 255 253 255 252 3 252 0 6 0 4 0 1 0 0 0 0 252 44 20 
170 175 225 36 20 134 145 32 64 207 225 167 0 0 73 197 255 218 255 197 0 0 255 253 255 253 3 252 0 6 0 4 0 1 0 0 0 0 252 45 22 
170 175 225 36 20 134 145 32 64 207 225 167 0 0 73 197 255 218 255 197 0 0 255 253 255 253 3 252 0 6 0 4 0 1 0 0 0 0 252 45 22 
170 175 225 36 20 134 145 32 64 207 225 167 0 0 73 197 255 218 255 197 0 0 255 253 255 253 3 252 0 6 0 4 0 1 0 0 0 0 252 45 22 
170 175 225 36 20 134 145 32 64 207 225 167 0 0 73 197 255 218 255 197 0 0 255 253 255 253 3 252 0 6 0 4 0 1 0 0 0 0 252 45 22 
170 175 225 36 20 134 145 32 64 207 225 167 0 0 73 197 255 218 255 197 0 0 255 253 255 253 3 252 0 6 0 4 0 1 0 0 0 0 252 45 22 
170 175 225 36 20 134 145 32 64 207 225 167 0 0 73 197 255 218 255 197 0 0 255 253 255 253 3 252 0 6 0 4 0 1 0 0 0 0 252 45 22 
170 175 225 36 20 134 145 28 64 207 225 161 0 0 73 197 255 218 255 197 0 0 255 253 255 253 3 252 0 6 0 4 0 1 0 0 0 0 252 45 12 
170 175 225 36 20 134 145 28 64 207 225 161 0 0 73 197 255 218 255 197 0 0 255 253 255 253 3 252 0 6 0 4 0 1 0 0 0 0 252 45 12 
170 175 225 36 20 134 145 28 64 207 225 161 0 0 73 197 255 218 255 197 0 0 255 253 255 253 3 251 0 6 0 4 0 0 0 0 0 0 252 45 10 
170 175 225 36 20 134 145 28 64 207 225 161 0 0 73 197 255 218 255 197 0 0 255 253 255 253 3 251 0 6 0 4 0 1 0 0 0 0 252 45 11 
170 175 225 36 20 134 145 28 64 207 225 161 0 0 73 197 255 218 255 197 0 0 255 253 255 253 3 251 0 6 0 4 0 1 0 0 0 0 252 45 11 
170 175 225 36 20 134 145 28 64 207 225 161 0 0 73 197 255 218 255 197 0 0 255 253 255 253 3 251 0 6 0 4 0 1 0 0 0 0 252 45 11 
170 175 225 36 20 134 145 28 64 207 225 161 0 0 73 197 255 218 255 197 0 0 255 253 255 253 3 251 0 6 0 4 0 1 0 0 0 0 252 44 10 
170 175 225 36 20 134 145 28 64 207 225 161 0 0 73 197 255 218 255 197 0 0 255 253 255 253 3 251 0 6 0 4 0 1 0 0 0 0 252 43 9 
170 175 225 36 20 134 145 28 64 207 225 161 0 0 73 197 255 218 255 197 0 0 255 253 255 253 3 251 0 6 0 4 0 1 0 0 0 0 252 43 9 
170 175 225 36 20 134 145 28 64 207 225 161 0 0 73 197 255 218 255 197 0 0 255 253 255 253 3 251 0 6 0 4 0 1 0 0 0 0 252 43 9 
170 175 225 36 20 134 145 28 64 207 225 161 0 0 73 197 255 218 255 197 0 0 255 253 255 253 3 251 0 6 0 4 0 1 0 0 0 0 252 43 9 
170 175 225 36 20 134 145 25 64 207 225 154 0 0 73 197 255 218 255 197 0 0 255 253 255 253 3 251 0 6 0 4 0 1 0 0 0 0 252 43 255 
170 175 225 36 20 134 145 25 64 207 225 154 0 0 73 197 255 218 255 197 0 0 255 253 255 254 3 251 0 6 0 4 0 1 0 0 0 0 252 43 0 
170 175 225 36 20 134 145 25 64 207 225 154 0 0 73 197 255 218 255 197 0 0 255 253 255 254 3 251 0 6 0 4 0 1 0 0 0 0 252 43 0 
170 175 225 36 20 134 145 25 64 207 225 154 0 0 73 197 255 218 255 197 0 0 255 253 255 254 3 251 0 6 0 4 0 2 0 0 0 0 252 44 2 
170 175 225 36 20 134 145 25 64 207 225 154 0 0 73 197 255 218 255 197 0 0 255 253 255 254 3 251 0 6 0 4 0 2 0 0 0 0 252 44 2 
170 175 225 36 20 134 145 25 64 207 225 154 0 0 73 197 255 218 255 197 0 0 255 253 255 254 3 251 0 6 0 4 0 2 0 0 0 0 252 45 3 
170 175 225 36 20 134 145 25 64 207 225 154 0 0 73 197 255 218 255 197 0 0 255 253 255 254 3 251 0 6 0 4 0 2 0 0 0 0 252 45 3 
170 175 225 36 20 134 145 25 64 207 225 154 0 0 73 197 255 218 255 197 0 0 255 253 255 254 3 251 0 6 0 4 0 2 0 0 0 0 252 45 3 
170 175 225 36 20 134 145 25 64 207 225 154 0 0 73 197 255 218 255 197 0 0 255 253 255 254 3 251 0 6 0 4 0 2 0 0 0 0 252 45 3 
170 175 225 36 20 134 145 25 64 207 225 154 0 0 73 197 255 218 255 197 0 0 255 253 255 254 3 251 0 6 0 4 0 2 0 0 0 0 252 44 2 
170 175 225 36 20 134 145 25 64 207 225 154 0 0 73 197 255 218 255 197 0 0 255 253 255 254 3 251 0 6 0 4 0 2 0 0 0 0 252 44 2 
170 175 225 36 20 134 145 21 64 207 225 148 0 0 73 197 255 218 255 197 0 0 255 253 255 254 3 251 0 6 0 3 0 2 0 0 0 0 252 44 247 
170 175 225 36 20 134 145 21 64 207 225 148 0 0 73 197 255 218 255 197 0 0 255 253 255 254 3 251 0 6 0 3 0 2 0 0 0 0 252 44 247 
170 175 225 36 20 134 145 21 64 207 225 148 0 0 73 197 255 218 255 197 0 0 255 253 255 254 3 251 0 6 0 3 0 2 0 0 0 0 252 43 246 
170 175 225 36 20 134 145 21 64 207 225 148 0 0 73 197 255 218 255 197 0 0 255 253 255 254 3 251 0 5 0 3 0 2 0 0 0 0 252 43 245 
170 175 225 36 20 134 145 21 64 207 225 148 0 0 73 197 255 218 255 197 0 0 255 253 255 254 3 251 0 5 0 3 0 2 0 0 0 0 252 43 245 
170 175 225 36 20 134 145 21 64 207 225 148 0 0 73 197 255 218 255 197 0 0 255 252 255 254 3 251 0 5 0 3 0 2 0 0 0 0 252 43 244 
170 175 225 36 20 134 145 21 64 207 225 148 0 0 73 197 255 218 255 197 0 0 255 252 255 254 3 251 0 5 0 2 0 2 0 0 0 0 252 43 243 
170 175 225 36 20 134 145 21 64 207 225 148 0 0 73 197 255 218 255 197 0 0 255 252 255 254 3 251 0 5 0 2 0 2 0 0 0 0 252 43 243 
170 175 225 36 20 134 145 21 64 207 225 148 0 0 73 197 255 218 255 197 0 0 255 252 255 253 3 251 0 5 0 2 0 2 0 0 0 0 252 43 242 
170 175 225 36 20 134 145 21 64 207 225 148 0 0 73 197 255 218 255 197 0 0 255 252 255 253 3 251 0 5 0 2 0 2 0 0 0 0 252 44 243 
170 175 225 36 20 134 145 18 64 207 225 142 0 0 73 197 255 218 255 197 0 0 255 252 255 253 3 251 0 5 0 2 0 2 0 0 0 0 252 44 234 
170 175 225 36 20 134 145 18 64 207 225 142 0 0 73 197 255 218 255 197 0 0 255 252 255 253 3 251 0 5 0 2 0 2 0 0 0 0 252 44 234 
170 175 225 36 20 134 145 18 64 207 225 142 0 0 73 197 255 218 255 197 0 0 255 252 255 253 3 251 0 6 0 2 0 3 0 0 0 0 252 44 236 
170 175 225 36 20 134 145 18 64 207 225 142 0 0 73 197 255 218 255 197 0 0 255 252 255 253 3 251 0 6 0 2 0 3 0 0 0 0 252 44 236 
170 175 225 36 20 134 145 18 64 207 225 142 0 0 73 197 255 218 255 197 0 0 255 252 255 253 3 251 0 6 0 2 0 3 0 0 0 0 252 44 236 
170 175 225 36 20 134 145 18 64 207 225 142 0 0 73 197 255 218 255 197 0 0 255 252 255 253 3 251 0 6 0 3 0 3 0 0 0 0 252 44 237 
170 175 225 36 20 134 145 18 64 207 225 142 0 0 73 197 255 218 255 197 0 0 255 252 255 253 3 251 0 6 0 3 0 3 0 0 0 0 252 43 236 
170 175 225 36 20 134 145 18 64 207 225 142 0 0 73 197 255 218 255 197 0 0 255 252 255 253 3 251 0 6 0 3 0 3 0 0 0 0 252 43 236 
170 175 225 36 20 134 145 18 64 207 225 142 0 0 73 197 255 218 255 197 0 0 255 252 255 253 3 251 0 6 0 3 0 3 0 0 0 0 252 43 236 
170 175 225 36 20 134 145 18 64 207 225 142 0 0 73 197 255 218 255 197 0 0 255 252 255 252 3 251 0 6 0 3 0 3 0 0 0 0 252 43 235 
170 175 225 36 20 134 145 15 64 207 225 136 0 0 73 197 255 218 255 197 0 0 255 252 255 252 3 251 0 6 0 3 0 3 0 0 0 0 252 43 226 
170 175 225 36 20 134 145 15 64 207 225 136 0 0 73 197 255 218 255 197 0 0 255 252 255 252 3 251 0 6 0 3 0 3 0 0 0 0 252 43 226 
170 175 225 36 20 134 145 15 64 207 225 136 0 0 73 197 255 218 255 197 0 0 255 252 255 252 3 251 0 6 0 3 0 3 0 0 0 0 252 43 226 
170 175 225 36 20 134 145 15 64 207 225 136 0 0 73 197 255 218 255 197 0 0 255 252 255 252 3 251 0 6 0 3 0 3 0 0 0 0 252 43 226 
170 175 225 36 20 134 145 15 64 207 225 136 0 0 73 197 255 218 255 197 0 0 255 252 255 252 3 251 0 6 0 3 0 3 0 0 0 0 252 43 226 
170 175 225 36 20 134 145 15 64 207 225 136 0 0 73 197 255 218 255 197 0 0 255 252 255 252 3 251 0 6 0 3 0 3 0 0 0 0 252 44 227 
170 175 225 36 20 134 145 15 64 207 225 136 0 0 73 197 255 218 255 197 0 0 255 252 255 252 3 251 0 6 0 3 0 3 0 0 0 0 252 44 227 
170 175 225 36 20 134 145 15 64 207 225 136 0 0 73 197 255 218 255 197 0 0 255 252 255 252 3 251 0 7 0 3 0 3 0 0 0 0 252 44 228 
170 175 225 36 20 134 145 15 64 207 225 136 0 0 73 197 255 218 255 197 0 0 255 252 255 252 3 252 0 7 0 3 0 3 0 0 0 0 252 44 229 
170 175 225 36 20 134 145 15 64 207 225 136 0 0 73 197 255 218 255 197 0 0 255 252 255 252 3 252 0 7 0 3 0 3 0 0 0 0 252 44 229 
170 175 225 36 20 134 145 15 64 207 225 136 0 0 73 197 255 218 255 197 0 0 255 252 255 252 3 252 0 7 0 3 0 3 0 0 0 0 252 43 228 
170 175 225 36 20 134 145 12 64 207 225 129 0 0 73 197 255 218 255 197 0 0 255 252 255 252 3 252 0 7 0 3 0 3 0 0 0 0 252 43 218 
170 175 225 36 20 134 145 12 64 207 225 129 0 0 73 197 255 218 255 197 0 0 255 252 255 252 3 252 0 7 0 3 0 3 0 0 0 0 252 43 218 
170 175 225 36 20 134 145 12 64 207 225 129 0 0 73 197 255 218 255 197 0 0 255 252 255 252 3 252 0 7 0 3 0 3 0 0 0 0 252 43 218 
170 175 225 36 20 134 145 12 64 207 225 129 0 0 73 197 255 218 255 197 0 0 255 253 255 252 3 252 0 7 0 3 0 3 0 0 0 0 252 43 219 
170 175 225 36 20 134 145 12 64 207 225 129 0 0 73 197 255 218 255 197 0 0 255 253 255 252 3 252 0 7 0 3 0 2 0 0 0 0 252 43 218 
170 175 225 36 20 134 145 12 64 207 225 129 0 0 73 197 255 218 255 197 0 0 255 253 255 252 3 252 0 7 0 3 0 3 0 0 0 0 252 43 219 
170 175 225 36 20 134 145 12 64 207 225 129 0 0 73 197 255 218 255 197 0 0 255 253 255 252 3 252 0 7 0 3 0 2 0 0 0 0 252 43 218 
170 175 225 36 20 134 145 12 64 207 225 129 0 0 73 197 255 218 255 197 0 0 255 253 255 252 3 252 0 7 0 3 0 2 0 0 0 0 252 43 218 
170 175 225 36 20 134 145 12 64 207 225 129 0 0 73 197 255 218 255 197 0 0 255 253 255 252 3 252 0 7 0 3 0 2 0 0 0 0 252 43 218 
170 175 225 36 20 134 145 12 64 207 225 129 0 0 73 197 255 218 255 197 0 0 255 253 255 252 3 252 0 7 0 3 0 2 0 0 0 0 252 43 218 
170 175 225 36 20 134 145 12 64 207 225 129 0 0 73 197 255 218 255 197 0 0 255 253 255 252 3 252 0 6 0 3 0 2 0 0 0 0 252 43 217 
170 175 225 36 20 134 145 8 64 207 225 123 0 0 73 197 255 218 255 197 0 0 255 253 255 252 3 252 0 6 0 3 0 2 0 0 0 0 252 44 208 
170 175 225 36 20 134 145 8 64 207 225 123 0 0 73 197 255 218 255 197 0 0 255 253 255 252 3 252 0 6 0 3 0 2 0 0 0 0 252 44 208 
170 175 225 36 20 134 145 8 64 207 225 123 0 0 73 197 255 218 255 197 0 0 255 253 255 252 3 252 0 6 0 3 0 2 0 0 0 0 252 44 208 
170 175 225 36 20 134 145 8 64 207 225 123 0 0 73 197 255 218 255 197 0 0 255 253 255 252 3 252 0 6 0 3 0 2 0 0 0 0 252 45 209 
170 175 225 36 20 134 145 8 64 207 225 123 0 0 73 197 255 218 255 197 0 0 255 253 255 252 3 252 0 6 0 3 0 1 0 0 0 0 252 45 208 
170 175 225 36 20 134 145 8 64 207 225 123 0 0 73 197 255 218 255 197 0 0 255 253 255 252 3 252 0 6 0 3 0 2 0 0 0 0 252 45 209 
170 175 225 36 20 134 145 8 64 207 225 123 0 0 73 197 255 218 255 197 0 0 255 253 255 252 3 252 0 6 0 3 0 2 0 0 0 0 252 44 208 
170 175 225 36 20 134 145 8 64 207 225 123 0 0 73 197 255 218 255 197 0 0 255 253 255 252 3 252 0 6 0 3 0 1 0 0 0 0 252 43 206 
170 175 225 36 20 134 145 8 64 207 225 123 0 0 73 197 255 218 255 197 0 0 255 253 255 252 3 252 0 6 0 3 0 1 0 0 0 0 252 42 205 
170 175 225 36 20 134 145 8 64 207 225 123 0 0 73 197 255 218 255 197 0 0 255 253 255 252 3 252 0 6 0 3 0 1 0 0 0 0 252 41 204 
170 175 225 36 20 134 145 5 64 207 225 117 0 0 73 197 255 218 255 197 0 0 255 253 255 252 3 252 0 6 0 3 0 1 0 0 0 0 252 41 195 
170 175 225 36 20 134 145 5 64 207 225 117 0 0 73 197 255 218 255 197 0 0 255 253 255 252 3 252 0 6 0 3 0 1 0 0 0 0 252 41 195 
170 175 225 36 20 134 145 5 64 207 225 117 0 0 73 197 255 218 255 197 0 0 255 253 255 252 3 252 0 6 0 3 0 1 0 0 0 0 252 42 196 
170 175 225 36 20 134 145 5 64 207 225 117 0 0 73 197 255 218 255 197 0 0 255 253 255 252 3 252 0 6 0 3 0 1 0 0 0 0 252 42 196 
170 175 225 36 20 134 145 5 64 207 225 117 0 0 73 197 255 218 255 197 0 0 255 253 255 252 3 252 0 6 0 3 0 1 0 0 0 0 252 43 197 
170 175 225 36 20 134 145 5 64 207 225 117 0 0 73 197 255 218 255 197 0 0 255 253 255 252 3 251 0 6 0 3 0 1 0 0 0 0 252 44 197 
170 175 225 36 20 134 145 5 64 207 225 117 0 0 73 197 255 218 255 197 0 0 255 253 255 252 3 251 0 6 0 3 0 1 0 0 0 0 252 44 197 
170 175 225 36 20 134 145 5 64 207 225 117 0 0 73 197 255 218 255 197 0 0 255 253 255 252 3 251 0 6 0 3 0 1 0 0 0 0 252 45 198 
170 175 225 36 20 134 145 5 64 207 225 117 0 0 73 197 255 218 255 197 0 0 255 253 255 252 3 251 0 6 0 3 0 1 0 0 0 0 252 45 198 
170 175 225 36 20 134 145 5 64 207 225 117 0 0 73 197 255 218 255 197 0 0 255 253 255 252 3 251 0 6 0 3 0 0 0 0 0 0 252 44 196 
170 175 225 36 20 134 145 2 64 207 225 111 0 0 73 197 255 218 255 197 0 0 255 253 255 252 3 251 0 6 0 3 0 1 0 0 0 0 252 43 187 
170 175 225 36 20 134 145 2 64 207 225 111 0 0 73 197 255 218 255 197 0 0 255 253 255 252 3 251 0 6 0 3 0 1 0 0 0 0 252 43 187 
170 175 225 36 20 134 145 2 64 207 225 111 0 0 73 197 255 218 255 197 0 0 255 253 255 252 3 251 0 6 0 3 0 1 0 0 0 0 252 43 187 
170 175 225 36 20 134 145 2 64 207 225 111 0 0 73 197 255 218 255 197 0 0 255 253 255 252 3 251 0 6 0 3 0 1 0 0 0 0 252 43 187 
170 175 225 36 20 134 145 2 64 207 225 111 0 0 73 197 255 218 255 197 0 0 255 253 255 252 3 251 0 6 0 3 0 1 0 0 0 0 252 43 187 
170 175 225 36 20 134 145 2 64 207 225 111 0 0 73 197 255 218 255 197 0 0 255 253 255 252 3 251 0 6 0 3 0 2 0 0 0 0 252 43 188 
170 175 225 36 20 134 145 2 64 207 225 111 0 0 73 197 255 218 255 197 0 0 255 253 255 252 3 251 0 6 0 3 0 2 0 0 0 0 252 43 188 
170 175 225 36 20 134 145 2 64 207 225 111 0 0 73 197 255 218 255 197 0 0 255 253 255 252 3 251 0 6 0 3 0 2 0 0 0 0 252 43 188 
170 175 225 36 20 134 145 2 64 207 225 111 0 0 73 197 255 218 255 197 0 0 255 253 255 252 3 251 0 6 0 3 0 2 0 0 0 0 252 43 188 
170 175 225 36 20 134 145 2 64 207 225 111 0 0 73 197 255 218 255 197 0 0 255 253 255 252 3 251 0 6 0 3 0 2 0 0 0 0 252 43 188 
170 175 225 36 20 134 145 2 64 207 225 111 0 0 73 197 255 218 255 197 0 0 255 253 255 252 3 251 0 6 0 3 0 2 0 0 0 0 252 43 188 
170 175 225 36 20 134 144 255 64 207 225 105 0 0 73 197 255 218 255 198 0 0 255 253 255 252 3 251 0 6 0 3 0 2 0 0 0 0 252 44 180 
170 175 225 36 20 134 144 255 64 207 225 105 0 0 73 197 255 218 255 198 0 0 255 253 255 252 3 251 0 6 0 3 0 2 0 0 0 0 252 44 180 
170 175 225 36 20 134 144 255 64 207 225 105 0 0 73 197 255 218 255 198 0 0 255 253 255 252 3 251 0 5 0 3 0 2 0 0 0 0 252 44 179 
170 175 225 36 20 134 144 255 64 207 225 105 0 0 73 197 255 218 255 198 0 0 255 253 255 252 3 251 0 5 0 3 0 2 0 0 0 0 252 44 179 
170 175 225 36 20 134 144 255 64 207 225 105 0 0 73 197 255 218 255 198 0 0 255 253 255 252 3 251 0 5 0 4 0 2 0 0 0 0 252 44 180 
170 175 225 36 20 134 144 255 64 207 225 105 0 0 73 197 255 218 255 198 0 0 255 253 255 252 3 251 0 5 0 4 0 3 0 0 0 0 252 43 180 
170 175 225 36 20 134 144 255 64 207 225 105 0 0 73 197 255 218 255 198 0 0 255 253 255 252 3 251 0 5 0 4 0 3 0 0 0 0 252 43 180 
170 175 225 36 20 134 144 255 64 207 225 105 0 0 73 197 255 218 255 198 0 0 255 253 255 252 3 251 0 5 0 4 0 3 0 0 0 0 252 43 180 
170 175 225 36 20 134 144 255 64 207 225 105 0 0 73 197 255 218 255 198 0 0 255 253 255 252 3 251 0 6 0 4 0 3 0 0 0 0 252 43 181 
170 175 225 36 20 134 144 255 64 207 225 105 0 0 73 197 255 218 255 198 0 0 255 253 255 252 3 251 0 6 0 4 0 3 0 0 0 0 252 43 181 
170 175 225 36 20 134 144 255 64 207 225 105 0 0 73 197 255 218 255 198 0 0 255 253 255 252 3 251 0 6 0 4 0 3 0 0 0 0 252 43 181 
170 175 225 36 20 134 144 251 64 207 225 99 0 0 73 197 255 218 255 198 0 0 255 253 255 252 3 251 0 6 0 4 0 3 0 0 0 0 252 43 171 
170 175 225 36 20 134 144 251 64 207 225 99 0 0 73 197 255 218 255 198 0 0 255 253 255 252 3 251 0 6 0 4 0 3 0 0 0 0 252 44 172 
170 175 225 36 20 134 144 251 64 207 225 99 0 0 73 197 255 218 255 198 0 0 255 253 255 252 3 251 0 6 0 4 0 3 0 0 0 0 252 44 172 
170 175 225 36 20 134 144 251 64 207 225 99 0 0 73 197 255 218 255 198 0 0 255 253 255 252 3 251 0 7 0 4 0 3 0 0 0 0 252 44 173 
170 175 225 36 20 134 144 251 64 207 225 99 0 0 73 197 255 218 255 198 0 0 255 253 255 252 3 252 0 7 0 4 0 3 0 0 0 0 252 44 174 
170 175 225 36 20 134 144 251 64 207 225 99 0 0 73 197 255 218 255 198 0 0 255 253 255 252 3 252 0 6 0 4 0 3 0 0 0 0 252 44 173 
170 175 225 36 20 134 144 251 64 207 225 99 0 0 73 197 255 218 255 198 0 0 255 253 255 252 3 252 0 6 0 4 0 3 0 0 0 0 252 44 173 
170 175 225 36 20 134 144 251 64 207 225 99 0 0 73 197 255 218 255 198 0 0 255 253 255 252 3 252 0 6 0 4 0 3 0 0 0 0 252 43 172 
170 175 225 36 20 134 144 251 64 207 225 99 0 0 73 197 255 218 255 198 0 0 255 253 255 252 3 252 0 6 0 4 0 3 0 0 0 0 252 43 172 
170 175 225 36 20 134 144 251 64 207 225 99 0 0 73 197 255 218 255 198 0 0 255 253 255 252 3 252 0 6 0 4 0 3 0 0 0 0 252 43 172 
170 175 225 36 20 134 144 248 64 207 225 93 0 0 73 197 255 218 255 198 0 0 255 253 255 252 3 252 0 6 0 4 0 3 0 0 0 0 252 43 163 
170 175 225 36 20 134 144 248 64 207 225 93 0 0 73 197 255 218 255 198 0 0 255 253 255 252 3 252 0 6 0 4 0 3 0 0 0 0 252 43 163 
170 175 225 36 20 134 144 248 64 207 225 93 0 0 73 197 255 218 255 198 0 0 255 253 255 252 3 252 0 6 0 4 0 2 0 0 0 0 252 43 162 
170 175 225 36 20 134 144 248 64 207 225 93 0 0 73 197 255 219 255 198 0 0 255 253 255 252 3 252 0 6 0 4 0 2 0 0 0 0 252 43 163 
170 175 225 36 20 134 144 248 64 207 225 93 0 0 73 197 255 219 255 198 0 0 255 253 255 252 3 252 0 6 0 4 0 2 0 0 0 0 252 43 163 
170 175 225 36 20 134 144 248 64 207 225 93 0 0 73 197 255 219 255 198 0 0 255 253 255 252 3 252 0 6 0 4 0 2 0 0 0 0 252 43 163 
170 175 225 36 20 134 144 248 64 207 225 93 0 0 73 197 255 219 255 198 0 0 255 253 255 253 3 252 0 6 0 4 0 2 0 0 0 0 252 43 164 
170 175 225 36 20 134 144 248 64 207 225 93 0 0 73 197 255 219 255 198 0 0 255 253 255 253 3 252 0 6 0 4 0 2 0 0 0 0 252 44 165 
170 175 225 36 20 134 144 248 64 207 225 93 0 0 73 197 255 219 255 198 0 0 255 253 255 253 3 252 0 6 0 4 0 2 0 0 0 0 252 44 165 
170 175 225 36 20 134 144 248 64 207 225 93 0 0 73 197 255 219 255 198 0 0 255 253 255 253 3 252 0 6 0 4 0 2 0 0 0 0 252 44 165 
170 175 225 36 20 134 144 245 64 207 225 87 0 0 73 197 255 219 255 198 0 0 255 253 255 253 3 252 0 6 0 4 0 2 0 0 0 0 252 44 156 
170 175 225 36 20 134 144 245 64 207 225 87 0 0 73 197 255 219 255 198 0 0 255 253 255 253 3 252 0 6 0 4 0 2 0 0 0 0 252 44 156 
170 175 225 36 20 134 144 245 64 207 225 87 0 0 73 197 255 219 255 198 0 0 255 253 255 253 3 252 0 6 0 4 0 2 0 0 0 0 252 44 156 
170 175 225 36 20 134 144 245 64 207 225 87 0 0 73 197 255 219 255 198 0 0 255 253 255 253 3 252 0 7 0 3 0 2 0 0 0 0 252 44 156 
170 175 225 36 20 134 144 245 64 207 225 87 0 0 73 197 255 219 255 198 0 0 255 254 255 253 3 252 0 7 0 3 0 2 0 0 0 0 252 43 156 
170 175 225 36 20 134 144 245 64 207 225 87 0 0 73 197 255 219 255 198 0 0 255 254 255 253 3 252 0 7 0 3 0 2 0 0 0 0 252 43 156 
170 175 225 36 20 134 144 245 64 207 225 87 0 0 73 197 255 219 255 198 0 0 255 254 255 253 3 252 0 7 0 3 0 2 0 0 0 0 252 43 156 
170 175 225 36 20 134 144 245 64 207 225 87 0 0 73 197 255 219 255 198 0 0 255 254 255 253 3 252 0 7 0 3 0 2 0 0 0 0 252 43 156 
170 175 225 36 20 134 144 245 64 207 225 87 0 0 73 197 255 219 255 198 0 0 255 254 255 253 3 252 0 7 0 3 0 2 0 0 0 0 252 43 156 
170 175 225 36 20 134 144 245 64 207 225 87 0 0 73 197 255 219 255 198 0 0 255 254 255 253 3 252 0 7 0 3 0 2 0 0 0 0 252 43 156 
170 175 225 36 20 134 144 242 64 207 225 81 0 0 73 197 255 219 255 198 0 0 255 254 255 253 3 252 0 7 0 3 0 2 0 0 0 0 252 43 147 
170 175 225 36 20 134 144 242 64 207 225 81 0 0 73 197 255 219 255 198 0 0 255 254 255 253 3 252 0 7 0 3 0 2 0 0 0 0 252 43 147 
170 175 225 36 20 134 144 242 64 207 225 81 0 0 73 197 255 219 255 198 0 0 255 254 255 253 3 252 0 7 0 3 0 2 0 0 0 0 252 43 147 
